1001
4 10
8 42
1 335
5 1170
9 1479
5 963
6 1706
8 1282
2 1962
3 996
7 828
5 392
4 1903
3 293
7 1422
6 1719
7 1448
9 772
3 1870
10 1668
5 1036
2 704
4 1323
5 1674
2 1142
9 254
5 1548
8 663
10 38
2 724
9 1530
6 317
3 191
7 289
3 1041
9 1265
6 1447
10 1891
1 371
2 1007
9 394
4 1630
5 85
1 757
7 967
9 1932
10 945
4 627
9 1538
3 119
2 930
6 834
9 640
1 705
7 1978
7 1674
6 1022
3 925
10 271
4 778
3 1098
1 1987
7 1162
8 356
5 1656
3 32
1 1351
5 942
1 1967
2 1108
8 8
8 1458
4 1754
10 946
9 210
9 222
7 423
1 1507
9 414
2 901
6 763
10 1411
8 1625
4 1549
2 1596
1 1603
7 292
1 1375
2 597
10 1349
5 1669
5 282
10 54
9 419
9 901
8 128
4 1729
4 649
2 1808
8 311
5 814
7 310
2 936
10 601
7 520
4 799
9 225
10 1845
3 990
6 1196
4 1094
8 524
4 1315
1 1449
9 1459
7 581
2 799
9 1590
8 10
3 473
3 539
10 39
8 191
2 1959
9 1816
2 1157
5 203
6 273
7 329
7 363
4 876
3 1870
7 1845
9 1882
2 323
10 22
7 1558
10 1893
3 1076
1 601
10 1004
9 1862
10 1402
4 1256
6 1003
6 183
7 1089
8 618
3 1833
5 170
10 1722
10 1977
3 369
6 1426
10 1435
3 1442
1 146
4 1719
4 140
7 280
10 688
8 550
10 1867
6 194
7 1298
6 287
3 489
5 456
2 115
2 1317
4 1787
6 314
4 1186
9 913
6 1833
7 314
9 322
3 1647
5 482
3 1197
2 1130
1 1536
7 1174
10 45
10 293
5 1254
1 155
10 746
4 1187
3 475
9 169
6 788
2 1959
6 203
5 478
5 1315
5 1335
10 373
1 1834
8 1488
8 1519
1 1774
9 1764
6 1193
1 1103
8 1214
10 803
6 528
5 1544
3 1024
2 1062
3 1004
4 1506
2 726
3 493
7 1223
1 1065
1 1188
5 414
1 271
4 236
1 1712
8 897
1 1286
5 141
5 696
6 20
5 577
3 659
7 1372
4 679
5 1852
5 1019
3 1120
8 801
7 1061
8 1011
6 171
8 1577
9 44
10 1165
7 1883
8 1566
5 1578
8 626
9 1630
1 1424
3 903
7 124
2 1738
6 196
1 1265
7 203
7 1031
2 1012
8 412
1 1154
5 1791
4 189
2 941
10 663
4 901
9 959
8 366
1 1478
10 59
1 304
5 1358
9 478
8 1114
1 1802
9 461
5 994
1 1406
5 1112
7 836
1 73
6 824
7 557
8 1627
8 527
2 1338
2 1870
3 897
3 1618
7 718
2 1586
10 424
6 230
3 560
6 297
3 54
5 1585
3 655
10 1458
4 533
4 608
6 912
9 68
9 676
3 224
2 1755
6 742
6 1460
1 1222
5 1627
4 1206
9 1851
2 280
5 194
5 1638
4 1557
6 177
9 963
1 1882
2 414
6 1856
3 1143
8 1612
9 425
4 1753
4 297
4 41
3 876
1 819
3 1018
6 113
2 1170
9 41
1 686
10 1498
6 1991
5 1354
1 652
9 45
10 336
6 1193
2 1265
10 504
9 1776
8 1293
7 1550
8 1562
2 468
1 130
5 1814
8 602
4 216
3 214
2 1825
10 1393
9 671
5 28
7 76
1 1499
8 288
4 605
4 1222
4 1707
2 1011
1 1490
3 165
4 1620
5 1592
3 1819
6 751
10 976
3 304
8 1099
9 1585
5 972
6 914
3 1546
9 1547
3 1770
6 520
5 290
1 866
9 1246
1 319
4 1602
3 1133
8 1153
4 571
4 1902
8 424
10 1601
6 16
4 29
9 1348
8 944
4 410
2 1050
3 1589
1 609
9 1222
9 1955
1 147
4 1950
1 1431
8 749
4 537
7 36
9 1186
10 1854
9 1225
10 1924
7 258
6 945
7 1319
6 1412
2 356
7 550
6 585
3 1965
4 76
7 143
3 1949
7 427
10 174
6 405
3 627
4 1376
7 566
2 737
5 815
3 257
9 1937
6 483
2 1016
2 231
2 626
7 638
1 1691
5 1663
4 894
3 1417
3 9
5 234
5 304
7 304
5 149
4 318
9 1110
1 1201
9 1319
6 51
5 1362
7 1904
10 1644
2 903
9 490
4 1283
1 675
4 1403
10 1832
10 1879
10 1009
4 1972
2 1946
3 505
4 686
10 699
9 723
1 1038
5 1462
2 509
4 1960
10 1516
10 938
1 59
5 1972
6 1118
6 556
10 331
9 213
5 83
1 86
5 485
6 381
2 1952
10 116
9 1111
9 1074
3 1978
10 1957
9 114
1 942
4 1724
5 29
1 779
6 1072
2 1975
8 1334
6 154
6 169
10 1677
9 651
4 1310
1 687
10 117
9 668
5 680
6 1422
7 827
7 1517
8 667
5 1682
7 1341
3 22
5 722
6 1310
4 1903
2 1125
3 746
2 424
9 807
3 1319
8 1908
3 1482
1 1137
10 115
7 85
4 291
3 1997
6 1055
9 709
3 1492
5 1132
9 440
5 723
3 996
10 1270
4 239
7 1919
9 1660
7 487
4 1463
3 159
3 1147
6 1038
9 648
8 603
1 99
1 1293
10 1279
9 353
1 1883
6 316
8 763
8 337
8 1419
2 1829
1 817
6 450
10 659
1 521
8 1561
6 1163
3 676
5 362
7 399
7 715
10 1189
4 639
6 1076
6 1522
9 1616
1 1235
5 906
3 1558
5 162
10 550
4 331
4 351
1 926
7 1738
9 338
7 394
5 715
10 1592
6 1136
5 1338
4 338
1 665
9 1609
6 1282
4 1153
5 653
7 1877
3 397
1 250
10 1175
2 944
10 1942
6 420
6 1806
1 217
10 1616
7 1065
5 894
1 1510
4 1696
2 1590
9 1173
2 1359
7 269
3 511
10 775
3 911
2 183
5 1496
5 875
6 903
5 461
2 973
8 123
10 1578
6 1606
1 1595
5 344
3 482
10 1673
3 1429
8 1763
6 409
4 1909
5 1760
7 1205
9 320
7 1946
1 167
3 1368
3 1788
5 557
2 1448
3 284
7 1332
9 584
3 724
7 19
2 1221
7 183
6 1491
7 325
10 1678
5 1644
9 1678
2 1069
4 197
8 829
2 1427
3 698
8 704
6 1409
6 1509
8 239
4 444
1 502
2 1129
10 1651
5 1193
2 1870
8 1466
4 1714
3 635
1 973
3 902
8 1178
3 1771
2 365
4 591
4 238
6 180
8 170
1 43
9 183
8 1927
9 1671
9 1652
1 1214
7 1784
1 743
9 473
2 435
4 719
6 868
2 939
1 1258
9 615
2 459
7 64
9 808
6 1490
6 366
7 1587
1 1834
9 1331
3 929
1 434
6 767
10 1811
3 1838
9 1983
10 1353
5 1245
3 609
3 1648
9 1536
8 1265
10 1244
2 16
1 190
9 1813
2 1524
4 475
1 1892
1 1855
10 1698
9 1781
5 932
8 1341
6 900
9 484
4 1493
2 253
5 1561
8 1841
10 786
6 1541
3 792
10 1211
10 1579
8 972
4 74
8 1621
7 1827
3 1791
10 1579
10 419
10 160
3 925
9 381
9 1968
4 478
8 1371
5 197
2 1723
2 1020
1 1057
4 1164
3 1717
2 1453
4 955
7 863
6 1461
10 905
1 137
3 1199
5 388
8 1241
1 1007
3 242
4 1250
6 1759
6 1622
7 1297
9 1679
9 1580
1 1578
10 8
6 82
7 679
10 1754
6 1785
9 1094
4 173
5 1930
6 169
4 1192
9 923
7 1652
7 145
8 1578
7 630
2 1875
3 1470
4 147
6 1092
8 950
3 641
2 237
7 1488
6 163
5 1184
8 181
6 1066
2 514
9 579
1 879
8 612
1 446
10 1976
10 751
6 1334
3 215
3 1008
8 897
3 523
2 1811
8 1232
10 706
9 322
8 1352
7 209
10 277
3 190
7 1667
9 1456
1 1615
8 1254
4 1349
2 862
6 1083
7 198
2 753
2 1297
6 22
5 1948
6 319
5 1377
9 1860
4 75
6 923
9 1644
3 154
1 748
9 1927
2 451
10 962
4 856
4 1717
6 1562
5 474
4 1551
8 1182
1 700
6 644
10 1173
3 1982
2 1477
1 248
6 672
3 373
1 1990
2 1166
4 1659
9 1207
7 949
7 1172
8 1397
5 1021
9 1530
5 110
9 1970
6 1618
5 627
7 1169
8 1929
1 119
6 1200
10 487
1 421
4 272
6 1416
1 319
8 1332
5 388
8 1187
8 361
2 75
2 1153
4 269
8 1886
5 1312
7 678
3 1769
1 1414
8 543
9 39
10 1356
2 1648
5 1094
2 988
8 494
3 1502
6 1448
5 754
6 1085
2 1526
2 1965
7 873
4 1657
1 594
9 81
4 1412
2 969
10 1217
1 769
4 1532
4 1780
4 260
6 1937
5 366
6 1721
7 1681
6 456
9 72
7 1560
3 1603
1 1906
3 1376
3 886
7 1081
3 798
1 509
7 1341
4 1059
7 1741
4 475
1 1098
3 1336
8 1401
7 956
9 142
9 482
7 316
10 226
7 13
3 1456
3 1044
3 22
9 513
9 19
5 1718
1 1651
10 1336
6 1170
1 1304
10 1980
2 1106
2 662
4 1653
10 34
3 1988
4 254
5 1421
5 719
10 1064
5 653
1 770
8 1006
8 1595
7 327
1 1324
1 1680
1 589
6 1272
1 1222
10 184
9 1956
7 780
6 1263
7 1488
9 1034
10 936
1 1994
6 963
6 1002
8 1808
5 670
8 672
6 999
9 1598
5 839
4 1373
5 1029
4 802
5 1491
8 1602
3 1198
4 1772
4 1302
6 1722
6 1422
6 611
3 742
2 1813
6 1016
9 1394
3 1280
