1 1
2 1 2
2 2 1
3 1 2 3
3 3 2 1
4 1 2 3 4
4 4 3 2 1
4 1 2 3 4
4 4 3 2 1
3 1 3 2
5 4 3 2 5 1
14 13 10 8 7 3 9 1 14 4 12 11 5 6 2
29 20 4 7 8 14 2 10 11 3 23 16 17 18 25 22 26 15 27 19 12 28 21 6 13 1 9 24 29 5
18 3 6 18 15 12 11 2 16 7 13 5 9 14 1 4 10 17 8
5 4 1 2 5 3
26 9 15 17 20 26 14 24 19 5 18 13 7 1 10 16 11 22 25 8 4 23 2 6 12 3 21
28 1 9 4 22 2 17 11 14 5 18 16 27 28 20 8 25 10 12 23 26 3 24 6 7 19 15 13 21
8 4 3 7 5 1 6 2 8
17 16 15 13 9 4 1 10 17 11 14 5 6 12 2 8 3 7
7 1 3 5 7 4 2 6
27 1 7 22 17 25 2 23 9 12 27 14 8 24 26 11 21 16 15 3 6 13 19 10 4 18 20 5
22 18 22 21 11 7 9 14 10 3 13 16 15 8 19 5 17 6 4 1 12 20 2
28 20 2 3 22 7 12 11 10 17 8 26 27 15 25 16 9 4 19 1 28 23 13 6 5 21 14 18 24
10 5 7 10 6 2 8 9 3 4 1
19 13 2 3 10 15 18 12 9 11 19 5 16 8 1 17 6 4 7 14
9 6 2 5 1 9 3 7 8 4
30 22 4 5 19 20 17 13 21 15 1 14 3 18 2 28 7 11 30 29 25 26 23 24 10 8 16 6 12 27 9
11 5 7 3 8 4 6 9 1 11 2 10
30 23 30 16 8 17 22 14 20 24 27 21 12 5 3 2 13 28 15 7 19 18 10 9 29 26 4 1 25 11 6
0
