376
1 0.5
2 -0.5
3 -1.0000000
4 0.1
5 0.0000152587890625
6 0.0000152587890624
7 0.0000152587890626
8 -0.0000152587890625
9 -0.0000152587890624
10 -0.0000152587890626
11 0.9999999999999999
12 -0.9999999999999999
13 -5.3
14 9.1
15 -1.0000000000000001
16 0.31415926
17 0.0
18 0.2500000000000000
19 0.1250000000000000
20 0.0625000000000000
21 0.0312500000000000
22 0.0156250000000000
23 0.0078125000000000
24 0.0039062500000000
25 0.0019531250000000
26 0.0009765625000000
27 0.0004882812500000
28 0.0002441406250000
29 0.0001220703125000
30 0.0000610351562500
31 0.0000305175781250
32 0.0000152587890625
33 -0.2500000000000000
34 -0.1250000000000000
35 -0.0625000000000000
36 -0.0312500000000000
37 -0.0156250000000000
38 -0.0078125000000000
39 -0.0039062500000000
40 -0.0019531250000000
41 -0.0009765625000000
42 -0.0004882812500000
43 -0.0002441406250000
44 -0.0001220703125000
45 -0.0000610351562500
46 -0.0000305175781250
47 -0.0000152587890625
48 -0.5000000000000000
49 -0.7500000000000000
50 -0.8750000000000000
51 -0.9375000000000000
52 -0.9687500000000000
53 -0.9843750000000000
54 -0.9921875000000000
55 -0.9960937500000000
56 -0.9980468750000000
57 -0.9990234375000000
58 -0.9995117187500000
59 -0.9997558593750000
60 -0.9998779296875000
61 -0.9999389648437500
62 -0.9999694824218750
63 -0.9999847412109375
64 0.1111111111111111
65 0.2222222222222222
66 0.3333333333333333
67 0.4444444444444444
68 0.5555555555555555
69 0.6666666666666666
70 0.7777777777777777
71 0.8888888888888888
72 -0.1111111111111111
73 -0.2222222222222222
74 -0.3333333333333333
75 -0.4444444444444444
76 -0.5555555555555555
77 -0.6666666666666666
78 -0.7777777777777777
79 -0.8888888888888888
80 0.000000000000001
81 -0.000000000000001
82 0.00001
83 0.00002
84 0.00003
85 0.00004
86 0.00005
87 0.00006
88 0.00007
89 0.00008
90 0.00009
91 -0.00001
92 -0.00002
93 -0.00003
94 -0.00004
95 -0.00005
96 -0.00006
97 -0.00007
98 -0.00008
99 -0.00009
100 0.0001
101 0.0002
102 0.0003
103 0.0004
104 0.0005
105 0.0006
106 0.0007
107 0.0008
108 0.0009
109 -0.0001
110 -0.0002
111 -0.0003
112 -0.0004
113 -0.0005
114 -0.0006
115 -0.0007
116 -0.0008
117 -0.0009
118 0.001
119 0.002
120 0.003
121 0.004
122 0.005
123 0.006
124 0.007
125 0.008
126 0.009
127 -0.001
128 -0.002
129 -0.003
130 -0.004
131 -0.005
132 -0.006
133 -0.007
134 -0.008
135 -0.009
136 0.01
137 0.02
138 0.03
139 0.04
140 0.05
141 0.06
142 0.07
143 0.08
144 0.09
145 -0.01
146 -0.02
147 -0.03
148 -0.04
149 -0.05
150 -0.06
151 -0.07
152 -0.08
153 -0.09
154 0.1
155 0.2
156 0.3
157 0.4
158 0.5
159 0.6
160 0.7
161 0.8
162 0.9
163 -0.1
164 -0.2
165 -0.3
166 -0.4
167 -0.5
168 -0.6
169 -0.7
170 -0.8
171 -0.9
172 0.1
173 0.2
174 0.3
175 0.4
176 0.5
177 0.6
178 0.7
179 0.8
180 0.9
181 0.75
182 0.7500152587890625
183 0.1875
184 0.1875152587890625
185 0.3125
186 0.3125152587890625
187 0.375
188 0.3750152587890625
189 0.4375
190 0.4375152587890625
191 0.5625
192 0.5625152587890625
193 0.625
194 0.6250152587890625
195 0.6875
196 0.6875152587890625
197 0.8125
198 0.8125152587890625
199 0.875
200 0.8750152587890625
201 0.9375
202 0.9375152587890625
203 -0.8125
204 -0.8124847412109375
205 -0.6875
206 -0.6874847412109375
207 -0.625
208 -0.6249847412109375
209 -0.5625
210 -0.5624847412109375
211 -0.4375
212 -0.4374847412109375
213 -0.375
214 -0.3749847412109375
215 -0.3125
216 -0.3124847412109375
217 0.000701904296875
218 0.064544677734375
219 0.128326416015625
220 0.192596435546875
221 0.256927490234375
222 0.320953369140625
223 0.385589599609375
224 0.449737548828125
225 0.514068603515625
226 0.578460693359375
227 0.643280029296875
228 0.707427978515625
229 0.772186279296875
230 0.836822509765625
231 0.901214599609375
232 0.965179443359375
233 -0.971405029296875
234 -0.906707763671875
235 -0.842559814453125
236 -0.778045654296875
237 -0.712860107421875
238 -0.648162841796875
239 -0.583282470703125
240 -0.518341064453125
241 -0.454254150390625
242 -0.389312744140625
243 -0.325042724609375
244 -0.259918212890625
245 -0.195037841796875
246 -0.130157470703125
247 -0.064605712890625
248 -0.000274658203125
249 0.0007171630859375
250 0.0645599365234375
251 0.1283416748046875
252 0.1926116943359375
253 0.2569427490234375
254 0.3209686279296875
255 0.3856048583984375
256 0.4497528076171875
257 0.5140838623046875
258 0.5784759521484375
259 0.6432952880859375
260 0.7074432373046875
261 0.7722015380859375
262 0.8368377685546875
263 0.9012298583984375
264 0.9651947021484375
265 -0.9713897705078125
266 -0.9066925048828125
267 -0.8425445556640625
268 -0.7780303955078125
269 -0.7128448486328125
270 -0.6481475830078125
271 -0.5832672119140625
272 -0.5183258056640625
273 -0.4542388916015625
274 -0.3892974853515625
275 -0.3250274658203125
276 -0.2599029541015625
277 -0.1950225830078125
278 -0.1301422119140625
279 -0.0645904541015625
280 -0.0002593994140625
281 -0.061798095703125
282 -0.122955322265625
283 -0.184173583984375
284 -0.244903564453125
285 -0.305572509765625
286 -0.366546630859375
287 -0.426910400390625
288 -0.487762451171875
289 -0.548431396484375
290 -0.609039306640625
291 -0.669219970703125
292 -0.730072021484375
293 -0.790313720703125
294 -0.850677490234375
295 -0.911285400390625
296 -0.972320556640625
297 0.966094970703125
298 0.905792236328125
299 0.844940185546875
300 0.784454345703125
301 0.724639892578125
302 0.664337158203125
303 0.604217529296875
304 0.544158935546875
305 0.483245849609375
306 0.423187255859375
307 0.362457275390625
308 0.302581787109375
309 0.242462158203125
310 0.182342529296875
311 0.122894287109375
312 0.062225341796875
313 -0.061798095703125
314 -0.122955322265625
315 -0.184173583984375
316 -0.244903564453125
317 -0.305572509765625
318 -0.366546630859375
319 -0.426910400390625
320 -0.487762451171875
321 -0.548431396484375
322 -0.609039306640625
323 -0.669219970703125
324 -0.730072021484375
325 -0.790313720703125
326 -0.850677490234375
327 -0.911285400390625
328 -0.972320556640625
329 0.966094970703125
330 0.905792236328125
331 0.844940185546875
332 0.784454345703125
333 0.724639892578125
334 0.664337158203125
335 0.604217529296875
336 0.544158935546875
337 0.483245849609375
338 0.423187255859375
339 0.362457275390625
340 0.302581787109375
341 0.242462158203125
342 0.182342529296875
343 0.122894287109375
344 0.062225341796875
345 -0.0617828369140625
346 -0.1229400634765625
347 -0.1841583251953125
348 -0.2448883056640625
349 -0.3055572509765625
350 -0.3665313720703125
351 -0.4268951416015625
352 -0.4877471923828125
353 -0.5484161376953125
354 -0.6090240478515625
355 -0.6692047119140625
356 -0.7300567626953125
357 -0.7902984619140625
358 -0.8506622314453125
359 -0.9112701416015625
360 -0.9723052978515625
361 0.9661102294921875
362 0.9058074951171875
363 0.8449554443359375
364 0.7844696044921875
365 0.7246551513671875
366 0.6643524169921875
367 0.6042327880859375
368 0.5441741943359375
369 0.4832611083984375
370 0.4232025146484375
371 0.3624725341796875
372 0.3025970458984375
373 0.2424774169921875
374 0.1823577880859375
375 0.1229095458984375
376 0.0622406005859375
