30
1 200 250 150 -50 200
2 200 200 100 0 100
3 201.5 157.3 115.71 -44.2 115.71
4 143.12 207.41 79.23 -95.36 38.70
5 207.56 226.59 188.38 -50.43 129.22
6 78.92 74.30 139.35 -106.01 3232.73
7 83.79 72.22 67.70 -53.76 676.05
8 62.20 159.41 239.64 -67.52 4.54
9 196.16 92.15 71.39 -57.73 149.61
10 218.95 232.97 86.91 -100.47 201.43
11 110.22 64.49 53.17 -34.40 113.60
12 242.15 98.09 188.37 -23.83 263.44
13 169.13 247.62 86.99 -63.71 77.67
14 134.37 172.89 74.68 -88.40 208.34
15 137.21 181.34 67.44 -43.22 155.58
16 80.17 189.75 52.83 -85.02 116.86
17 159.34 122.18 64.04 -20.50 198.10
18 208.58 180.66 232.38 -113.14 425.72
19 108.63 144.74 183.68 -108.03 61.95
20 228.26 50.42 168.99 3.80 73.43
21 184.78 172.51 200.61 -76.83 3274.86
22 81.09 151.16 135.31 -28.82 55.48
23 242.65 149.14 171.79 19.16 99.56
24 88.09 86.02 185.92 -93.35 14500.90
25 101.61 248.61 191.34 -21.12 128.55
26 180.94 212.21 55.13 -45.82 189.88
27 134.96 76.70 77.60 -47.41 123.93
28 147.07 109.53 139.50 -100.24 391.74
29 90.42 60.00 53.83 3.13 23.52
30 191.76 154.43 195.47 -42.14 475.62
