11
1 123
2 279134399742
3 987
4 999888777666555444333222111000999888777666555444333222111000
5 1410349123057150157130475051701251095109519615965191987654321
6 11111111112222222222333333333444444445555555566666666677777777777888999
7 123456789012345678901234567890999888777666555444333222111000
8 48484974949749736238628639740059555054944848853
9 1222222222222234567890123456789123456789123456789876543298765432
10 13294109461096510934651093465209656109615096590135651903465094
11 111111111111111111111111111111111111111111111111100000000000000
