34
1 10 12 15 -1.3 1 1.1 3.5
2 10 12 10 -1.3 1 1.1 11
3 13 9 10 -1.3 1 1.1 0
4 10 12 15 1.3 2 1.1 10
5 10 12 15 1.3 2 1.1 13
6 10 12 15 1.3 2 1.1 15
7 10 12 15 1.3 2 1.1 16.5
8 10 12 15 1.3 2 1.1 24
9 10 12 15 1.3 2 1.1 27
10 10 12 15 1.3 2 1.1 29.5
11 10 12 15 1.3 2 1.1 33
12 10 12 15 1.3 2 1.1 37
13 10 12 15 1.3 2 1.1 39
14 10 12 15 1.3 2 1.1 40.5
15 10 12 15 1.3 2 1.1 47
16 10 12 15 -1.3 -2 1.1 -33
17 10 12 15 -1.3 -2 1.1 -24
18 10 12 15 -1.3 -2 1.1 -22
19 10 12 15 -1.3 -2 1.1 -20.5
20 10 12 15 -1.3 -2 1.1 -17
21 10 12 15 -1.3 -2 1.1 -13
22 10 12 15 -1.3 -2 1.1 -10
23 10 12 15 -1.3 -2 1.1 -7.5
24 10 12 15 -1.3 -2 1.1 -4
25 10 12 15 -1.3 -2 1.1 0
26 10 12 15 -1.3 -2 1.1 2
27 10 12 15 -1.3 -2 1.1 3.5
28 10 12 15 -1.3 -2 1.1 10
29 10 10 10 1 1 2 10
30 10 10 10 1 1 2 20
31 10 10 10 1 1 2 30
32 10 10 10 2 2 2 20
33 10 10 10 2 2 2 40
34 10 10 10 2 0 2 20


