50
1 0.00000 0.00000 4.00000 10.00000 8.00000 0.00000
2 0.00000 0.00000 10.00000 8.00000 8.00000 0.00000
3 0.00000 0.00000 -8.00000 4.50000 5.00000 0.00000
4 0.00000 0.00000 -5.00000 4.60000 5.00000 0.00000
5 0.00000 0.00000 -2.00000 4.70000 5.00000 0.00000
6 0.00000 0.00000 -20.00000 4.00000 5.00000 0.00000
7 0.00000 0.00000 -18.00000 4.10000 5.00000 0.00000
8 0.00000 0.00000 -15.00000 4.20000 5.00000 0.00000
9 0.00000 0.00000 -12.00000 4.30000 5.00000 0.00000
10 0.00000 0.00000 -10.00000 4.40000 5.00000 0.00000
11 4.03882 2.47688 0.99307 1.13163 12.11768 19.55565
12 2.25959 10.48860 12.58583 8.51344 16.36891 9.00479
13 10.21088 13.20048 12.53456 1.09806 11.28513 16.35914
14 14.42061 9.82757 16.50258 2.78146 0.05799 4.79873
15 10.08942 12.25013 18.40815 17.16483 13.76507 1.66936
16 5.88214 16.33045 5.13077 0.08362 15.80004 3.01279
17 0.03784 17.72332 14.11908 19.38353 1.82806 5.00320
18 18.27509 17.09037 13.68877 7.95618 13.38359 1.14933
19 9.48576 8.23511 14.73128 14.96872 1.19877 13.30912
20 19.68505 17.12210 11.08249 12.48329 2.13446 10.51607
21 6.67379 4.36171 12.60720 14.56099 6.78732 11.38218
22 17.16178 0.96988 16.60146 7.04123 18.20307 3.82519
23 19.97559 11.44871 10.33723 4.51857 7.11997 0.81912
24 14.38215 2.20283 5.74114 6.53706 2.67769 10.37751
25 13.78643 9.41923 18.80306 10.23225 1.91778 4.79080
26 4.83291 1.36845 3.83740 4.01746 19.26328 0.53652
27 6.59017 19.15036 14.10993 4.03394 1.67486 1.03275
28 12.55287 19.90600 10.03143 19.34385 13.61553 10.33601
29 13.08145 1.58208 9.49370 4.64431 15.14634 7.95740
30 10.04120 11.83508 3.51817 3.67260 8.40541 16.18824
31 4.19446 4.22437 7.63939 9.91852 6.40095 14.32844
32 6.42048 8.52870 19.03073 11.10324 11.99072 4.48317
33 12.11890 12.14576 18.44905 4.82925 6.48762 19.10154
34 18.52290 8.38649 4.67544 17.37724 6.93991 8.13074
35 6.27766 2.60689 3.52489 14.40107 0.83316 14.50362
36 14.15143 4.55031 1.37150 8.71548 17.66472 14.66659
37 11.75024 7.31651 16.91336 18.98862 10.89999 18.55770
38 2.00079 12.64382 7.12119 6.49434 3.89416 3.33018
39 5.53423 1.12857 6.50349 7.56798 1.82134 9.67986
40 15.36790 17.14835 5.38530 19.61547 11.06479 11.39988
41 5.04349 14.06110 5.47441 0.90518 0.38942 10.22431
42 9.01761 18.28242 11.94006 1.44475 6.99362 1.66143
43 13.19987 13.50993 13.15043 6.49007 17.76299 15.84155
44 18.60225 11.27171 4.57778 18.20429 4.22315 12.88553
45 14.50545 13.53618 14.64583 17.09220 1.28361 17.54204
46 1.98187 19.86877 10.04181 5.66973 17.40104 5.18143
47 6.46687 18.09198 18.67611 14.83383 9.76897 13.32072
48 11.84240 16.00696 12.55593 1.08219 15.07248 2.12043
49 0.74648 15.07553 2.90841 12.64443 16.65090 16.23096
50 18.41121 8.07154 6.22272 14.96750 15.34410 15.78173
