85
1 41200000
2 E0FFFFFE
3 E11FFFFF
4 88888888
5 00000000
6 11111111
7 22222222
8 33333333
9 44444444
10 55555555
11 66666666
12 77777777
13 99999999
14 E0800000
15 C1100000
16 41200000
17 C1200000
18 41400000
19 41800000
20 42100000
21 20100000
22 20200000
23 20400000
24 20800000
25 1E100000
26 1D100000
27 1D800000
28 1D200000
29 1C100000
30 1B100000
31 1B200000
32 1B400000
33 1B800000
34 1A800000
35 C1400000
36 C1800000
37 C2100000
38 A0100000
39 A0200000
40 A0400000
41 A0800000
42 9E100000
43 9D100000
44 9D800000
45 9D200000
46 9C100000
47 9B100000
48 9B200000
49 9B400000
50 9B800000
51 9A800000
52 41412345
53 41812345
54 42112345
55 20112345
56 20212345
57 20412345
58 20812345
59 1E112345
60 1D112345
61 1D812345
62 1D212345
63 1C112345
64 1B112345
65 1B212345
66 1B412345
67 1B812345
68 1A812345
69 C1412345
70 C1812345
71 C2112345
72 A0112345
73 A0212345
74 A0412345
75 A0812345
76 9E112345
77 9D112345
78 9D812345
79 9D212345
80 9C112345
81 9B112345
82 9B212345
83 9B412345
84 9B812345
85 9A812345
