6
36
2
2
2
2
2
11
22
20
18
16
14
12
10
8
6
4
2
4
2
4
6
8
2
20
2
2
2
20
100
100
98
96
94
92
90
88
86
84
82
80
78
76
74
72
70
68
66
64
62
60
58
56
54
52
50
48
46
44
42
40
38
36
34
32
30
28
26
24
22
20
18
16
14
12
10
8
6
4
2
2
4
6
8
10
12
14
16
18
20
22
24
26
28
30
32
34
36
38
40
42
44
46
48
50
52
54
56
58
60
62
64
66
68
70
72
74
76
78
80
82
84
86
88
90
82
94
96
98
100
11
20
20
20
20
20
2
20
20
20
20
20
13
10000
10002
9998
998
98
8
2
7770
7772
7774
7778
8888
2222
0
