43
4 4 0000110100101100
5 2 0110000010
2 6 010000001001
5 5 0100001000011010110000010
12 10 011100111100100000100011101000011011101000000000000000001010000100001100010001001001100001010111010111110001111000000010
12 10 011100111100100000100011101000011011101000000000000000001010000100001100010001001001100001010111010111110001111000000010
2 21 010010000000000000000001001000000000000000
2 20 0100100000000000000010010000000000000000
21 2 010000110000100000000000000000000000000000
20 2 0110000110000000000000000000000000000000
2 20 0111100000000000000000000000000000000000
2 20 0111100000000000000000000000000000000000
2 20 0111100000000000000000000000000000000000
17 3 000000101000100100001101100001001000101000000000000
3 17 000010001101101000000000000000000010110110001000000
15 18 010000010101100011000000000010011000000000000000000010000000000000000110000000000000000001000000000000000101000000001000000001000100100111000001100000101001100000100000001110000000000000000000001100000101100101110000100000010111001100110000000000000000001000010001010000
18 15 010000010101100000000000010010000000000000011000000000000001000000000000000000000000000010000000001000110000100100000001100000100000101100000010000001000000111000001000100001100000100001110000000110100000001100000100101110000000010111001100100000000000000000010001010000
10 10 1010001000000000000011110100111011001000000000100001000010011110000001101011000001000010100100000011
20 20 1010001000010011001100000001011100000000100110010000000011101111000000110001100000010111010010111100010000000010100010001010001110001100001010001100011011101011001001011000000110110100110000100001100010001100110111000011011010011100000000000111000110011100010001000010111001101101001011100000010010100000101000010100101101011101000000000101100010111000100000000010101000000010011010011100100001100111
20 20 0000100000000000000000000000000000000000000000000000000000000000000000000000000000000000000000000000000000000000000000000000000000000000000000000000000000000000000000000000000000000000000001000000000000000000010000000000000000000000000000000000000000000000000000000000000000000000000000000000000000000000000000000000000000000000000000000000000000000000000000000000000000000000000000000000000000000000
20 20 0000100000000000000000000000000000000000000000000000000000000000000000000000000000000000000000000000000000000000000000000000000000000000000000000000000000000000000000000000000000000000000000000000000000000000000000000000000000000000000000000000000000000000000000000000000000000000000000000000000000000000000000000000000000000000000000000000000000000000000000000000000000000000000000000000000000000000
20 20 0100100000000000000000000000000000000000000000000000000000000000000000000000000000000000000000000000000000000000000000000000000000000000000000000000000000000000000000000000000000000000000000000000000000000000000000000000000000000000000000000000000000000000000000000000000000000000000000000000000000000000000000000000000000000000000000000000000000000000000000000000000000000000000000000000000000000000
1 20 00011000011001000000
20 1 00010011110000110100
3 3 010000001
4 4 0000110100101100
5 5 1001110010111010010000000
6 6 000110000101001011110011011001101110
7 7 0001101010001001100100000110010000000000101001100
8 8 1011101000000000010110010000000000000101001011010010100000001100
1 5 00001
5 1 00001
1 5 00000
5 1 00000
3 3 110001000
3 3 000000001
3 3 000000000
10 20 00001000000000000000000000000000000000000000000000000000000000000000000000000000000000000000000000000000000000000000000000000000000000000000000000000000000000000000000000000000000000000000000000000000
20 10 00001000000000000000000000000000000000000000000000000000000000000000000000000000000000000000000000000000000000000000000000000000000000000000000000000000000000000000000000000000000000000000000000000000
10 20 00000000000000000000000000000000000000000000000000000000000000000000000000000000000000000000000000000000000000000000000000000000000000000000000000000000000000000000000000000000000000000000000000000000
20 10 00000000000000000000000000000000000000000000000000000000000000000000000000000000000000000000000000000000000000000000000000000000000000000000000000000000000000000000000000000000000000000000000000000000
20 20 0000100000000000000000000000000000000000000000000000000000000000000000000000000000000000000000000000000000000000000000000000000000000000000000000000000000000000000000000000000000000000000000000000000000000000000000000000000000000000000000000000000000000000000000000000000000000000000000000000000000000000000000000000000000000000000000000000000000000000000000000000000000000000000000000000000000000000
20 20 0000000000000000000000000000000000000000000000000000000000000000000000000000000000000000000000000000000000000000000000000000000000000000000000000000000000000000000000000000000000000000000000000000000000000000000000000000000000000000000000000000000000000000000000000000000000000000000000000000000000000000000000000000000000000000000000000000000000000000000000000000000000000000000000000000000000000000
