1000
3 +1 -3 -2
4 -3 +1 -2 -4
5 +1 +2 +3 +4 -5
25 -1 +2 +3 +4 +5 -6 -7 +8 -9 -10 +11 -12 -13 -14 +15 -16 -17 +18 -19 +20 +21 -22 -23 -24 -25
5 -1 +2 -3 -4 -5
2 +1 +2
21 -1 -2 -3 -4 -5 -6 +7 +8 -9 +10 +11 +12 -13 -14 -15 +16 +17 -18 +19 +20 +21
28 -1 -2 +3 -4 +5 +6 +7 -8 +9 -10 +11 +12 -13 +14 -15 -16 +17 +18 -19 -20 -21 -22 -23 -24 +25 +26 +27 -28
19 -1 +2 +3 +4 -5 +6 -7 +8 +9 +10 +11 -12 -13 -14 -15 +16 +17 +18 -19
3 +1 -2 -3
23 -1 +2 -3 -4 -5 -6 +7 +8 +9 -10 -11 -12 -13 +14 +15 +16 -17 +18 +19 -20 +21 -22 +23
24 +1 -2 -3 -4 +5 +6 +7 -8 -9 +10 -11 +12 -13 +14 -15 +16 -17 +18 +19 -20 -21 +22 -23 -24
6 +1 -2 -3 -4 -5 +6
30 -1 +2 -3 -4 +5 +6 -7 +8 +9 -10 -11 +12 +13 +14 +15 +16 +17 -18 -19 +20 -21 -22 -23 -24 +25 -26 +27 -28 -29 -30
20 +1 +2 -3 +4 -5 +6 +7 -8 +9 +10 +11 -12 +13 -14 +15 +16 +17 -18 +19 +20
3 +1 +2 +3
27 +1 -2 +3 -4 -5 -6 +7 +8 -9 +10 -11 -12 -13 -14 +15 -16 +17 +18 -19 -20 +21 +22 +23 +24 -25 -26 +27
14 +1 -2 -3 +4 -5 +6 +7 -8 -9 +10 -11 +12 -13 -14
12 +1 +2 +3 +4 +5 +6 +7 +8 -9 +10 +11 +12
24 +1 -2 +3 +4 -5 -6 -7 -8 +9 -10 +11 -12 +13 +14 +15 -16 +17 +18 +19 -20 -21 +22 +23 +24
8 +1 +2 +3 -4 -5 +6 +7 -8
16 +1 +2 -3 -4 -5 -6 -7 +8 -9 +10 -11 -12 +13 +14 +15 +16
3 +1 -2 -3
27 -1 +2 -3 -4 +5 +6 +7 -8 -9 -10 -11 +12 -13 -14 +15 +16 -17 -18 +19 -20 -21 +22 +23 +24 -25 -26 -27
2 -1 -2
28 +1 +2 -3 -4 -5 +6 +7 -8 +9 -10 -11 +12 -13 -14 -15 +16 +17 -18 +19 +20 -21 -22 -23 -24 +25 +26 -27 -28
3 -1 +2 +3
10 -1 +2 +3 -4 +5 -6 +7 +8 +9 -10
7 +1 +2 -3 -4 +5 +6 +7
9 -1 -2 -3 +4 -5 +6 +7 -8 +9
13 -1 +2 +3 +4 -5 +6 +7 +8 +9 -10 -11 -12 +13
28 +1 +2 -3 -4 -5 -6 -7 -8 -9 +10 +11 -12 -13 +14 +15 -16 -17 +18 +19 -20 -21 -22 +23 -24 +25 -26 -27 +28
20 +1 +2 +3 -4 +5 -6 +7 -8 +9 +10 -11 -12 +13 +14 +15 -16 -17 +18 -19 +20
20 -1 -2 -3 -4 -5 +6 +7 +8 +9 +10 -11 -12 +13 +14 -15 +16 -17 -18 -19 +20
28 +1 -2 -3 -4 +5 -6 -7 +8 -9 +10 -11 -12 +13 -14 -15 +16 +17 +18 -19 +20 -21 -22 +23 -24 -25 -26 -27 -28
16 -1 +2 -3 +4 +5 +6 -7 -8 +9 +10 -11 +12 -13 +14 +15 +16
24 -1 -2 +3 -4 -5 -6 +7 +8 -9 +10 -11 -12 -13 +14 -15 +16 -17 +18 -19 +20 +21 +22 +23 +24
30 -1 +2 -3 +4 -5 -6 +7 +8 +9 -10 +11 +12 +13 +14 +15 -16 +17 -18 -19 -20 +21 +22 -23 -24 -25 -26 -27 +28 +29 -30
3 +1 +2 +3
24 -1 +2 -3 -4 +5 -6 +7 +8 +9 -10 +11 +12 +13 +14 -15 -16 -17 -18 +19 +20 -21 +22 +23 -24
4 +1 +2 -3 +4
14 -1 +2 -3 +4 +5 +6 +7 +8 +9 -10 -11 -12 -13 -14
21 -1 -2 +3 -4 +5 -6 +7 -8 -9 +10 +11 +12 -13 +14 -15 -16 +17 -18 -19 -20 -21
16 -1 +2 +3 -4 -5 +6 -7 -8 -9 +10 -11 -12 +13 +14 -15 -16
29 -1 +2 +3 -4 +5 -6 +7 -8 +9 +10 +11 -12 +13 +14 -15 +16 +17 +18 +19 -20 +21 +22 +23 +24 +25 +26 -27 +28 -29
18 +1 +2 +3 -4 +5 +6 -7 -8 +9 -10 +11 -12 -13 +14 +15 +16 +17 -18
27 -1 +2 +3 -4 -5 -6 +7 -8 +9 +10 -11 +12 -13 +14 -15 -16 -17 +18 -19 -20 -21 -22 -23 -24 +25 -26 -27
17 +1 +2 -3 +4 -5 -6 +7 +8 -9 +10 +11 -12 -13 +14 +15 -16 -17
30 +1 +2 -3 +4 +5 +6 -7 -8 -9 +10 -11 -12 -13 +14 +15 -16 -17 -18 -19 -20 +21 +22 +23 -24 +25 +26 +27 -28 -29 -30
7 +1 +2 -3 +4 -5 -6 +7
23 -1 +2 +3 -4 +5 -6 -7 +8 +9 -10 +11 +12 +13 -14 +15 -16 -17 -18 +19 -20 +21 +22 -23
3 -1 +2 +3
25 +1 -2 -3 +4 -5 +6 +7 +8 -9 -10 -11 +12 -13 -14 -15 -16 +17 +18 -19 +20 -21 +22 +23 +24 +25
29 +1 +2 +3 +4 +5 -6 +7 +8 -9 +10 -11 +12 +13 -14 +15 +16 -17 -18 -19 -20 -21 +22 -23 -24 -25 +26 -27 -28 -29
12 -1 -2 +3 -4 +5 -6 +7 +8 +9 +10 -11 -12
8 +1 +2 -3 +4 +5 -6 +7 -8
21 +1 -2 -3 -4 +5 -6 -7 -8 -9 +10 -11 +12 +13 +14 -15 -16 -17 -18 +19 +20 -21
1 +1
26 -1 -2 +3 +4 -5 +6 -7 +8 +9 -10 +11 +12 +13 -14 +15 +16 +17 +18 +19 -20 -21 +22 +23 +24 +25 -26
10 -1 +2 +3 +4 +5 -6 -7 +8 -9 +10
5 +1 +2 -3 +4 -5
29 +1 +2 +3 -4 -5 -6 +7 +8 -9 -10 -11 +12 +13 +14 +15 -16 -17 +18 -19 -20 -21 +22 -23 -24 +25 -26 +27 -28 +29
26 -1 +2 -3 +4 +5 +6 -7 -8 -9 -10 +11 +12 -13 -14 -15 -16 -17 -18 +19 -20 +21 +22 -23 +24 +25 +26
19 +1 +2 -3 -4 +5 +6 +7 -8 -9 -10 +11 +12 +13 +14 -15 -16 +17 +18 -19
30 +1 -2 +3 -4 +5 +6 -7 +8 -9 +10 +11 +12 +13 +14 -15 -16 -17 +18 +19 +20 -21 -22 -23 +24 +25 -26 +27 +28 +29 +30
7 +1 +2 -3 -4 +5 +6 -7
7 -1 -2 +3 +4 +5 +6 -7
10 +1 +2 -3 -4 +5 -6 +7 -8 -9 +10
4 +1 +2 -3 -4
7 -1 -2 +3 +4 +5 +6 +7
24 +1 +2 +3 +4 -5 +6 -7 -8 +9 +10 -11 -12 +13 +14 +15 +16 +17 -18 -19 +20 +21 +22 -23 +24
6 +1 -2 +3 -4 +5 +6
5 -1 -2 +3 -4 -5
6 -1 +2 -3 +4 +5 -6
21 -1 +2 -3 +4 -5 +6 -7 +8 +9 +10 +11 -12 +13 -14 +15 -16 +17 +18 -19 +20 -21
15 +1 -2 +3 -4 +5 -6 -7 +8 +9 -10 +11 -12 +13 +14 +15
30 +1 +2 -3 -4 +5 +6 -7 -8 -9 +10 -11 -12 +13 -14 +15 +16 -17 +18 +19 +20 +21 -22 +23 +24 -25 -26 +27 -28 +29 +30
15 -1 -2 +3 -4 -5 -6 -7 +8 -9 -10 +11 +12 +13 +14 -15
2 -1 +2
3 -1 +2 -3
23 +1 +2 +3 -4 +5 -6 -7 +8 +9 +10 -11 +12 +13 +14 -15 -16 -17 -18 -19 +20 -21 +22 -23
24 -1 -2 +3 -4 +5 +6 +7 -8 -9 +10 +11 +12 +13 +14 +15 +16 -17 -18 -19 -20 +21 +22 -23 -24
21 -1 +2 -3 -4 +5 +6 -7 +8 -9 +10 +11 +12 +13 +14 +15 -16 +17 +18 +19 -20 -21
12 +1 +2 +3 +4 -5 -6 +7 -8 -9 -10 -11 +12
17 -1 -2 +3 +4 -5 +6 +7 +8 -9 -10 -11 -12 +13 -14 +15 -16 -17
16 +1 +2 -3 -4 -5 -6 -7 +8 +9 -10 +11 -12 +13 +14 -15 +16
3 -1 -2 -3
8 -1 +2 -3 -4 -5 -6 -7 +8
1 -1
23 +1 -2 -3 +4 +5 -6 -7 -8 +9 -10 +11 -12 +13 +14 +15 +16 -17 -18 +19 -20 -21 -22 -23
18 +1 +2 -3 -4 -5 +6 -7 +8 +9 -10 -11 -12 +13 +14 +15 -16 +17 -18
14 +1 -2 -3 -4 -5 -6 +7 -8 -9 -10 +11 +12 +13 -14
20 +1 -2 -3 +4 +5 -6 -7 -8 +9 +10 -11 -12 +13 +14 +15 -16 +17 +18 -19 +20
8 +1 +2 +3 -4 +5 -6 +7 -8
6 +1 +2 +3 +4 -5 +6
21 -1 +2 +3 -4 +5 +6 +7 +8 -9 +10 -11 -12 -13 -14 +15 +16 +17 -18 +19 +20 -21
5 +1 +2 -3 +4 -5
24 -1 +2 +3 -4 +5 -6 -7 -8 -9 -10 -11 +12 -13 -14 +15 -16 -17 -18 -19 -20 -21 -22 +23 +24
1 +1
23 +1 -2 +3 -4 -5 +6 -7 +8 -9 +10 -11 +12 +13 -14 +15 -16 -17 -18 -19 +20 -21 -22 +23
29 +1 +2 +3 -4 -5 -6 +7 +8 +9 +10 -11 -12 +13 -14 +15 +16 +17 +18 +19 +20 -21 -22 +23 -24 -25 +26 +27 +28 -29
19 -1 +2 -3 +4 -5 -6 -7 -8 +9 +10 +11 +12 +13 -14 -15 +16 -17 -18 -19
28 +1 +2 -3 +4 +5 +6 -7 +8 -9 +10 -11 +12 -13 -14 +15 -16 +17 +18 -19 +20 -21 -22 -23 -24 -25 +26 +27 +28
27 -1 -2 -3 +4 -5 +6 -7 +8 -9 -10 -11 +12 -13 +14 +15 +16 -17 -18 -19 +20 +21 +22 -23 +24 -25 -26 -27
26 -1 +2 -3 -4 +5 -6 +7 -8 -9 +10 -11 -12 -13 -14 +15 -16 +17 -18 -19 -20 -21 +22 -23 +24 -25 -26
21 +1 +2 +3 -4 +5 -6 +7 +8 +9 -10 -11 +12 -13 -14 +15 -16 -17 -18 +19 -20 +21
8 +1 -2 -3 -4 -5 -6 -7 -8
19 -1 +2 -3 -4 +5 -6 -7 -8 +9 -10 -11 +12 -13 -14 +15 -16 -17 +18 +19
11 -1 -2 -3 -4 -5 -6 -7 -8 +9 +10 +11
7 +1 +2 +3 -4 +5 +6 -7
7 +1 -2 -3 +4 +5 +6 +7
28 -1 -2 +3 +4 +5 +6 -7 -8 +9 -10 -11 -12 -13 -14 +15 +16 -17 +18 +19 -20 +21 +22 +23 -24 -25 +26 -27 +28
25 -1 +2 +3 +4 -5 +6 -7 +8 +9 -10 -11 +12 +13 +14 +15 +16 -17 -18 +19 -20 +21 +22 +23 +24 +25
2 +1 -2
1 -1
27 -1 +2 +3 +4 +5 -6 +7 -8 +9 -10 +11 +12 +13 -14 +15 -16 +17 -18 -19 +20 +21 -22 -23 -24 +25 -26 +27
14 -1 -2 +3 -4 +5 +6 -7 -8 -9 -10 +11 -12 -13 -14
30 +1 -2 -3 +4 -5 -6 +7 +8 -9 +10 +11 +12 -13 +14 +15 -16 +17 +18 -19 -20 -21 +22 -23 -24 -25 -26 +27 -28 -29 -30
28 +1 -2 -3 +4 -5 +6 +7 -8 +9 -10 +11 -12 +13 +14 +15 -16 -17 -18 -19 +20 +21 -22 -23 +24 -25 -26 +27 -28
16 +1 +2 +3 -4 +5 -6 +7 -8 +9 +10 -11 -12 -13 +14 +15 +16
12 +1 -2 +3 -4 +5 -6 -7 +8 -9 -10 -11 +12
1 +1
23 +1 +2 +3 +4 +5 -6 -7 +8 +9 -10 +11 -12 +13 +14 +15 -16 -17 +18 +19 -20 +21 -22 -23
26 -1 -2 +3 -4 -5 -6 +7 -8 +9 -10 +11 +12 +13 +14 -15 -16 +17 +18 -19 +20 -21 -22 +23 +24 -25 -26
1 +1
12 -1 -2 -3 +4 +5 -6 -7 +8 -9 -10 +11 -12
9 -1 -2 +3 +4 -5 +6 -7 +8 -9
11 +1 +2 -3 +4 +5 -6 +7 -8 +9 +10 +11
20 -1 +2 -3 +4 +5 +6 +7 -8 +9 -10 -11 -12 +13 +14 -15 +16 -17 -18 -19 -20
6 -1 -2 +3 +4 +5 +6
21 -1 -2 -3 -4 -5 +6 -7 -8 -9 +10 -11 +12 +13 +14 -15 -16 -17 -18 +19 +20 -21
23 +1 -2 +3 +4 +5 -6 +7 +8 -9 +10 +11 -12 +13 +14 +15 +16 +17 -18 -19 -20 -21 -22 +23
26 -1 +2 +3 -4 -5 +6 -7 -8 -9 +10 +11 +12 +13 -14 -15 +16 -17 -18 +19 +20 +21 +22 +23 +24 +25 +26
30 +1 +2 +3 -4 -5 -6 +7 -8 +9 +10 -11 +12 +13 +14 -15 -16 -17 +18 +19 -20 +21 +22 +23 +24 -25 +26 -27 -28 +29 +30
29 -1 +2 +3 +4 +5 +6 -7 +8 -9 +10 +11 +12 -13 +14 -15 -16 -17 +18 +19 -20 +21 -22 +23 -24 +25 +26 -27 +28 -29
23 +1 -2 +3 -4 +5 +6 -7 -8 -9 -10 +11 -12 -13 +14 +15 -16 -17 +18 -19 -20 +21 +22 -23
17 +1 -2 -3 -4 -5 -6 -7 +8 +9 +10 -11 -12 -13 -14 -15 +16 +17
11 +1 +2 +3 -4 -5 +6 -7 -8 +9 +10 -11
10 +1 +2 -3 +4 +5 -6 +7 +8 -9 -10
17 +1 +2 +3 +4 -5 -6 +7 -8 -9 +10 +11 -12 +13 +14 +15 +16 +17
20 +1 +2 +3 +4 -5 +6 +7 +8 -9 +10 +11 +12 -13 -14 -15 -16 -17 -18 -19 +20
13 -1 -2 +3 +4 +5 +6 -7 +8 -9 +10 +11 +12 +13
20 +1 -2 -3 -4 -5 +6 -7 +8 +9 -10 +11 +12 +13 -14 -15 -16 -17 -18 +19 -20
17 -1 +2 -3 -4 +5 -6 +7 -8 +9 -10 -11 +12 -13 +14 +15 +16 +17
5 -1 -2 -3 +4 +5
30 +1 +2 +3 -4 -5 +6 -7 +8 -9 +10 +11 +12 +13 +14 +15 -16 +17 +18 +19 +20 -21 +22 -23 -24 -25 +26 -27 -28 +29 +30
10 -1 -2 -3 +4 +5 +6 -7 -8 +9 +10
28 -1 +2 -3 -4 +5 -6 +7 +8 +9 -10 -11 -12 -13 -14 +15 -16 -17 -18 +19 -20 +21 -22 -23 -24 +25 -26 -27 +28
8 -1 +2 -3 +4 +5 -6 -7 +8
5 +1 +2 -3 +4 +5
9 +1 +2 +3 -4 +5 +6 -7 -8 +9
19 +1 -2 +3 +4 +5 +6 +7 -8 +9 -10 -11 +12 +13 +14 +15 -16 +17 -18 -19
6 +1 +2 +3 -4 -5 +6
28 -1 +2 -3 +4 +5 -6 +7 -8 -9 -10 -11 -12 -13 +14 -15 +16 -17 -18 +19 +20 +21 +22 +23 +24 +25 +26 +27 +28
29 -1 +2 +3 +4 -5 +6 -7 +8 -9 +10 +11 +12 -13 +14 +15 +16 +17 +18 +19 +20 -21 +22 -23 -24 -25 -26 +27 +28 +29
7 +1 +2 -3 -4 -5 -6 -7
6 +1 +2 +3 -4 -5 +6
15 +1 -2 +3 -4 -5 +6 +7 +8 +9 +10 +11 +12 -13 +14 -15
22 -1 +2 -3 +4 -5 -6 +7 +8 -9 -10 -11 +12 -13 +14 +15 -16 -17 -18 -19 -20 +21 +22
25 +1 -2 -3 -4 +5 +6 +7 -8 -9 -10 -11 +12 +13 +14 -15 -16 -17 -18 +19 +20 +21 +22 -23 +24 +25
11 +1 +2 +3 +4 -5 -6 +7 -8 +9 +10 -11
7 +1 -2 +3 -4 +5 -6 -7
22 -1 -2 -3 -4 +5 +6 +7 +8 -9 -10 +11 +12 -13 -14 -15 -16 -17 -18 +19 +20 +21 +22
28 +1 -2 -3 +4 +5 -6 +7 +8 +9 +10 +11 +12 +13 -14 +15 -16 +17 +18 +19 -20 +21 +22 +23 -24 -25 -26 +27 +28
6 -1 -2 -3 -4 +5 -6
9 +1 -2 +3 +4 -5 -6 -7 +8 +9
20 +1 -2 +3 +4 +5 +6 +7 -8 +9 +10 -11 -12 -13 -14 -15 +16 +17 +18 -19 +20
15 -1 +2 -3 +4 +5 +6 +7 -8 -9 +10 -11 +12 -13 -14 -15
20 +1 +2 -3 -4 +5 -6 +7 -8 +9 -10 +11 -12 -13 -14 +15 +16 -17 +18 -19 -20
23 -1 -2 -3 +4 +5 +6 +7 +8 -9 +10 -11 +12 +13 +14 -15 -16 -17 -18 +19 -20 +21 +22 +23
7 -1 -2 -3 +4 -5 -6 +7
25 +1 -2 +3 -4 -5 +6 +7 -8 -9 -10 +11 -12 +13 -14 -15 +16 -17 +18 +19 -20 +21 -22 -23 +24 -25
1 -1
14 +1 -2 +3 +4 +5 -6 +7 +8 +9 +10 +11 -12 +13 -14
22 -1 -2 +3 -4 +5 -6 +7 -8 +9 -10 -11 +12 -13 -14 +15 +16 +17 -18 -19 -20 +21 -22
25 -1 -2 +3 -4 -5 +6 -7 +8 +9 +10 -11 +12 +13 +14 +15 +16 -17 +18 +19 +20 +21 +22 +23 +24 +25
30 +1 -2 +3 -4 -5 +6 -7 -8 +9 +10 +11 -12 -13 -14 +15 -16 -17 -18 +19 +20 +21 -22 +23 +24 -25 -26 +27 +28 +29 -30
18 +1 +2 -3 +4 +5 -6 +7 +8 +9 -10 -11 +12 +13 +14 +15 -16 +17 -18
4 +1 -2 -3 -4
14 -1 +2 -3 -4 +5 +6 +7 -8 -9 -10 +11 -12 -13 -14
16 +1 +2 -3 +4 -5 +6 +7 -8 +9 +10 -11 -12 +13 -14 +15 -16
27 -1 +2 +3 +4 +5 +6 +7 +8 +9 -10 +11 +12 -13 +14 +15 -16 +17 -18 -19 -20 +21 +22 +23 +24 +25 +26 -27
6 -1 +2 -3 +4 -5 -6
19 +1 +2 +3 +4 -5 +6 -7 +8 -9 +10 +11 -12 -13 +14 +15 -16 +17 -18 -19
18 +1 +2 -3 +4 -5 +6 +7 +8 -9 +10 +11 +12 -13 +14 -15 +16 +17 +18
18 +1 -2 +3 -4 +5 +6 +7 -8 +9 +10 -11 +12 -13 +14 -15 +16 -17 -18
19 +1 -2 -3 +4 -5 +6 -7 -8 -9 +10 -11 +12 +13 -14 +15 +16 -17 -18 -19
11 +1 +2 -3 +4 +5 +6 +7 -8 -9 +10 +11
10 +1 -2 +3 +4 -5 -6 -7 -8 +9 -10
28 +1 +2 -3 -4 +5 +6 -7 +8 -9 +10 +11 +12 +13 -14 +15 -16 -17 -18 +19 -20 +21 -22 +23 +24 -25 +26 +27 -28
30 +1 -2 -3 -4 +5 -6 +7 -8 +9 -10 +11 +12 +13 +14 -15 -16 -17 -18 +19 -20 -21 +22 -23 -24 +25 +26 -27 +28 -29 +30
10 -1 +2 +3 +4 +5 -6 +7 +8 +9 +10
6 -1 +2 +3 -4 -5 +6
4 +1 -2 -3 +4
15 +1 -2 +3 +4 +5 -6 -7 -8 -9 -10 +11 +12 +13 +14 -15
3 +1 -2 +3
15 -1 +2 +3 -4 +5 -6 +7 +8 +9 -10 +11 -12 -13 -14 +15
10 -1 -2 +3 +4 +5 -6 -7 -8 -9 +10
12 +1 -2 +3 -4 -5 -6 -7 -8 -9 +10 +11 +12
15 +1 -2 -3 -4 +5 -6 -7 +8 -9 +10 -11 +12 -13 +14 -15
11 -1 +2 -3 -4 +5 +6 -7 +8 +9 -10 +11
4 -1 +2 +3 +4
18 +1 +2 -3 +4 -5 -6 -7 -8 -9 -10 -11 +12 -13 +14 -15 -16 -17 +18
11 +1 -2 +3 +4 -5 -6 -7 -8 +9 +10 -11
1 -1
15 +1 -2 -3 +4 -5 -6 -7 +8 +9 -10 +11 +12 -13 +14 +15
14 +1 +2 +3 -4 -5 -6 -7 -8 +9 -10 +11 +12 +13 +14
18 +1 -2 -3 +4 -5 -6 +7 +8 -9 +10 +11 +12 -13 +14 +15 +16 -17 -18
12 -1 -2 -3 -4 -5 +6 +7 +8 -9 +10 +11 -12
16 +1 -2 +3 -4 +5 +6 -7 +8 -9 +10 -11 -12 -13 +14 -15 -16
4 -1 -2 -3 -4
25 -1 +2 -3 -4 -5 +6 +7 -8 +9 +10 -11 +12 +13 +14 -15 +16 -17 +18 -19 +20 -21 +22 +23 -24 +25
11 -1 +2 +3 -4 -5 +6 -7 -8 +9 -10 -11
14 -1 +2 -3 -4 +5 -6 -7 -8 +9 +10 +11 -12 -13 +14
2 +1 -2
30 -1 +2 -3 +4 -5 -6 +7 -8 +9 +10 -11 +12 -13 -14 +15 +16 +17 -18 +19 +20 -21 +22 -23 -24 +25 -26 +27 +28 -29 -30
27 +1 +2 -3 +4 +5 +6 -7 +8 -9 +10 +11 -12 +13 +14 +15 +16 -17 +18 -19 -20 -21 +22 -23 -24 +25 +26 -27
24 +1 -2 -3 -4 +5 +6 +7 +8 -9 -10 -11 -12 +13 -14 -15 +16 -17 +18 -19 -20 +21 -22 -23 +24
7 +1 -2 +3 -4 -5 -6 +7
7 +1 -2 -3 -4 -5 +6 -7
27 -1 -2 +3 -4 +5 -6 -7 +8 -9 +10 -11 -12 +13 -14 +15 -16 -17 -18 -19 -20 +21 -22 -23 -24 -25 -26 -27
14 +1 +2 -3 +4 +5 +6 -7 +8 -9 -10 -11 -12 +13 -14
11 +1 -2 -3 +4 +5 -6 -7 +8 -9 -10 +11
4 +1 -2 +3 +4
23 -1 -2 +3 -4 -5 +6 +7 -8 -9 +10 -11 +12 +13 +14 -15 -16 +17 -18 +19 -20 -21 -22 -23
17 -1 -2 -3 -4 +5 -6 -7 -8 -9 -10 -11 -12 -13 +14 -15 -16 -17
10 +1 +2 -3 +4 +5 +6 +7 +8 +9 -10
28 +1 +2 +3 +4 +5 -6 +7 -8 -9 +10 -11 +12 +13 +14 +15 -16 +17 +18 -19 -20 -21 -22 -23 +24 +25 +26 +27 -28
8 +1 -2 -3 -4 -5 +6 -7 -8
13 -1 +2 -3 -4 -5 -6 +7 +8 -9 +10 -11 +12 +13
13 +1 +2 -3 +4 +5 +6 +7 -8 -9 -10 -11 +12 -13
8 +1 -2 +3 +4 +5 +6 -7 +8
29 -1 -2 -3 +4 -5 -6 -7 -8 +9 -10 -11 -12 +13 +14 -15 +16 -17 -18 +19 +20 -21 +22 -23 -24 -25 -26 +27 -28 -29
6 -1 -2 +3 +4 +5 +6
19 -1 +2 -3 -4 -5 -6 -7 -8 -9 -10 -11 -12 -13 +14 -15 +16 -17 -18 -19
17 -1 -2 -3 +4 -5 -6 -7 +8 -9 +10 -11 -12 +13 -14 +15 +16 +17
22 +1 +2 +3 +4 -5 +6 +7 -8 +9 +10 +11 +12 +13 +14 +15 +16 -17 -18 +19 -20 +21 +22
29 -1 -2 +3 -4 +5 -6 -7 -8 +9 +10 -11 +12 -13 -14 -15 -16 +17 +18 -19 -20 -21 -22 -23 +24 -25 -26 +27 +28 +29
8 +1 +2 -3 -4 -5 +6 -7 -8
7 -1 -2 -3 +4 -5 -6 +7
24 +1 -2 +3 -4 -5 +6 -7 +8 +9 -10 -11 +12 +13 +14 -15 +16 -17 +18 +19 +20 -21 +22 -23 -24
26 -1 +2 +3 +4 -5 -6 -7 +8 +9 +10 +11 -12 +13 -14 -15 +16 +17 +18 +19 -20 -21 -22 -23 +24 -25 -26
10 +1 -2 +3 +4 -5 +6 +7 +8 -9 +10
26 +1 +2 +3 -4 +5 -6 +7 -8 -9 -10 +11 +12 -13 +14 -15 +16 +17 -18 +19 -20 +21 +22 -23 +24 -25 +26
20 -1 +2 -3 -4 -5 +6 -7 +8 +9 +10 -11 +12 +13 -14 -15 -16 +17 -18 -19 -20
24 -1 +2 -3 -4 +5 +6 +7 -8 -9 -10 -11 -12 -13 +14 +15 -16 +17 -18 +19 -20 -21 -22 +23 -24
9 -1 +2 +3 +4 +5 +6 +7 +8 -9
17 +1 +2 -3 +4 +5 -6 +7 -8 -9 -10 +11 -12 +13 +14 -15 +16 -17
6 +1 -2 +3 +4 -5 +6
8 +1 +2 -3 +4 +5 -6 -7 -8
30 +1 +2 -3 -4 -5 +6 -7 +8 -9 -10 +11 -12 -13 +14 -15 +16 +17 -18 -19 +20 -21 +22 +23 +24 +25 -26 -27 -28 +29 -30
18 -1 +2 +3 -4 +5 -6 +7 +8 +9 +10 -11 +12 +13 +14 -15 +16 +17 -18
26 +1 -2 +3 -4 +5 -6 +7 +8 -9 -10 +11 +12 -13 +14 -15 +16 +17 +18 +19 -20 -21 -22 -23 +24 -25 -26
25 +1 -2 +3 +4 +5 -6 -7 -8 +9 -10 +11 +12 +13 -14 -15 -16 -17 -18 -19 -20 +21 +22 +23 +24 +25
1 -1
20 -1 -2 -3 -4 -5 +6 +7 +8 -9 +10 +11 +12 -13 +14 +15 +16 +17 +18 +19 -20
24 -1 -2 -3 +4 +5 -6 +7 +8 -9 -10 -11 -12 -13 -14 +15 +16 +17 -18 +19 -20 -21 +22 +23 +24
2 -1 +2
1 -1
13 -1 -2 +3 -4 -5 -6 -7 +8 -9 -10 +11 -12 +13
26 -1 -2 +3 +4 +5 +6 -7 +8 -9 +10 +11 +12 +13 -14 +15 -16 +17 +18 -19 -20 -21 -22 +23 -24 -25 +26
14 +1 +2 -3 +4 -5 +6 -7 +8 -9 +10 +11 +12 -13 +14
4 +1 -2 +3 -4
30 -1 +2 +3 -4 +5 -6 -7 -8 -9 +10 +11 -12 +13 -14 +15 +16 +17 +18 -19 +20 +21 -22 +23 +24 +25 +26 -27 -28 -29 -30
15 +1 -2 -3 +4 +5 -6 +7 +8 -9 +10 +11 -12 -13 -14 +15
2 +1 +2
6 +1 -2 +3 -4 -5 -6
14 -1 -2 -3 -4 +5 +6 -7 -8 +9 -10 -11 +12 -13 -14
23 +1 +2 -3 +4 +5 -6 +7 -8 +9 -10 +11 -12 -13 +14 -15 +16 +17 +18 -19 -20 +21 +22 +23
15 +1 +2 +3 -4 +5 -6 -7 -8 +9 +10 -11 -12 +13 +14 -15
2 +1 -2
2 +1 +2
29 +1 -2 -3 +4 +5 +6 +7 -8 -9 -10 +11 +12 -13 -14 +15 -16 +17 -18 +19 +20 +21 -22 -23 +24 +25 -26 +27 +28 +29
3 -1 -2 +3
19 +1 -2 -3 -4 -5 -6 -7 -8 -9 -10 -11 +12 -13 +14 -15 -16 +17 +18 -19
17 +1 -2 -3 -4 +5 +6 +7 -8 +9 +10 +11 +12 -13 +14 +15 +16 -17
15 +1 -2 -3 +4 +5 +6 +7 -8 +9 -10 +11 -12 -13 -14 -15
2 +1 +2
30 -1 -2 +3 -4 +5 -6 -7 +8 +9 +10 +11 +12 -13 -14 -15 -16 +17 +18 +19 +20 -21 +22 +23 -24 -25 +26 -27 -28 -29 -30
4 +1 -2 +3 +4
8 -1 +2 -3 +4 +5 +6 +7 +8
22 +1 +2 +3 +4 +5 +6 -7 -8 -9 -10 +11 +12 +13 +14 +15 -16 -17 -18 -19 -20 -21 +22
25 +1 +2 +3 +4 +5 +6 -7 -8 +9 -10 -11 -12 +13 +14 -15 -16 +17 +18 +19 +20 -21 +22 +23 -24 +25
16 +1 +2 +3 -4 +5 +6 +7 +8 -9 -10 -11 +12 +13 +14 +15 +16
26 +1 +2 +3 +4 +5 -6 -7 -8 +9 +10 +11 +12 +13 +14 +15 -16 -17 +18 +19 -20 +21 -22 -23 -24 -25 -26
30 -1 +2 +3 +4 +5 -6 +7 -8 +9 -10 +11 +12 +13 +14 +15 +16 -17 -18 -19 -20 -21 +22 +23 +24 -25 -26 +27 -28 +29 +30
11 +1 +2 +3 -4 -5 -6 +7 +8 +9 +10 -11
21 +1 +2 -3 -4 +5 -6 -7 +8 +9 +10 +11 -12 -13 +14 +15 +16 -17 +18 +19 +20 +21
4 -1 +2 -3 +4
4 -1 +2 -3 +4
2 -1 +2
12 +1 -2 -3 -4 +5 -6 -7 +8 -9 +10 -11 +12
1 -1
2 +1 +2
27 +1 -2 -3 +4 +5 -6 -7 -8 +9 +10 -11 +12 +13 +14 +15 -16 -17 -18 -19 -20 +21 -22 +23 -24 +25 +26 -27
9 +1 +2 +3 -4 -5 +6 +7 +8 +9
2 +1 +2
30 +1 +2 +3 +4 -5 +6 +7 +8 -9 +10 -11 -12 -13 -14 -15 -16 +17 -18 +19 +20 -21 +22 +23 +24 +25 +26 +27 +28 +29 -30
28 -1 +2 +3 +4 -5 -6 -7 +8 -9 +10 +11 +12 -13 -14 +15 -16 +17 -18 +19 -20 -21 -22 -23 +24 -25 +26 -27 +28
8 +1 +2 +3 +4 -5 +6 +7 +8
30 -1 +2 +3 -4 +5 +6 +7 -8 -9 -10 -11 +12 +13 -14 -15 +16 -17 -18 +19 -20 +21 +22 -23 +24 +25 +26 +27 -28 +29 -30
30 +1 -2 +3 -4 +5 +6 +7 +8 +9 -10 -11 -12 +13 -14 -15 +16 -17 -18 -19 +20 -21 -22 +23 +24 +25 +26 -27 +28 -29 -30
7 +1 -2 -3 -4 +5 +6 +7
1 -1
5 +1 -2 -3 +4 -5
21 -1 +2 -3 +4 +5 -6 -7 -8 -9 +10 -11 +12 +13 -14 -15 +16 +17 -18 +19 -20 +21
10 +1 -2 -3 -4 -5 -6 -7 +8 -9 -10
15 +1 +2 +3 -4 -5 +6 -7 -8 +9 +10 +11 -12 +13 +14 +15
9 -1 -2 +3 +4 -5 +6 +7 -8 -9
23 +1 +2 +3 +4 +5 -6 -7 +8 -9 +10 -11 -12 +13 +14 +15 -16 -17 +18 -19 +20 +21 -22 +23
28 -1 +2 -3 +4 -5 -6 -7 +8 -9 +10 -11 -12 +13 +14 +15 +16 -17 +18 +19 +20 +21 +22 -23 +24 -25 -26 -27 +28
3 -1 -2 +3
5 -1 +2 -3 +4 +5
21 +1 -2 -3 +4 +5 -6 -7 -8 -9 +10 -11 -12 -13 +14 -15 +16 -17 -18 -19 +20 +21
20 +1 +2 -3 +4 -5 +6 +7 +8 +9 -10 +11 +12 -13 -14 -15 -16 +17 -18 -19 +20
7 +1 +2 +3 -4 +5 -6 +7
2 -1 +2
20 +1 -2 +3 +4 +5 -6 -7 -8 +9 +10 +11 +12 +13 +14 +15 -16 -17 +18 +19 +20
24 +1 +2 +3 -4 +5 -6 -7 +8 -9 -10 -11 -12 -13 +14 +15 -16 +17 +18 +19 -20 -21 -22 +23 -24
7 +1 +2 +3 +4 -5 -6 -7
2 -1 -2
24 -1 +2 -3 -4 -5 -6 -7 -8 +9 +10 -11 -12 -13 -14 +15 +16 -17 -18 +19 -20 -21 -22 -23 +24
21 -1 -2 -3 -4 +5 +6 +7 -8 +9 +10 -11 +12 -13 -14 +15 +16 +17 -18 -19 +20 +21
30 +1 +2 +3 -4 +5 -6 -7 +8 +9 +10 +11 -12 +13 -14 +15 +16 +17 +18 -19 +20 -21 +22 -23 -24 -25 +26 -27 +28 -29 +30
14 +1 -2 +3 +4 -5 +6 -7 +8 +9 +10 +11 +12 -13 -14
4 +1 +2 +3 -4
23 -1 +2 +3 -4 -5 -6 -7 +8 +9 +10 +11 -12 +13 +14 -15 -16 +17 -18 +19 -20 +21 +22 +23
5 +1 +2 -3 +4 +5
12 -1 +2 -3 +4 +5 -6 -7 -8 +9 +10 +11 +12
1 +1
8 -1 +2 -3 +4 -5 -6 -7 -8
16 +1 +2 +3 +4 -5 -6 +7 -8 -9 +10 -11 +12 +13 +14 +15 +16
10 +1 -2 -3 -4 +5 +6 +7 +8 -9 +10
12 +1 +2 +3 -4 +5 -6 +7 +8 -9 +10 -11 -12
14 +1 -2 -3 -4 -5 +6 -7 +8 -9 +10 +11 +12 -13 -14
12 +1 -2 -3 +4 +5 +6 +7 +8 +9 +10 -11 -12
13 +1 -2 -3 -4 +5 -6 -7 +8 -9 -10 -11 -12 -13
17 +1 -2 -3 -4 -5 -6 -7 +8 -9 +10 -11 +12 -13 +14 +15 -16 +17
7 +1 -2 +3 -4 +5 +6 +7
11 -1 -2 +3 -4 -5 +6 +7 -8 +9 +10 +11
21 -1 +2 -3 +4 -5 -6 +7 +8 -9 -10 -11 +12 +13 -14 +15 -16 +17 +18 +19 +20 -21
26 -1 -2 +3 +4 +5 -6 -7 -8 +9 -10 +11 +12 -13 +14 -15 +16 +17 -18 +19 +20 -21 -22 +23 +24 -25 +26
13 -1 +2 +3 -4 +5 +6 -7 -8 +9 +10 -11 +12 +13
23 -1 -2 +3 +4 -5 -6 -7 +8 +9 -10 +11 -12 -13 +14 +15 +16 -17 +18 -19 +20 -21 +22 +23
4 +1 -2 +3 +4
30 -1 -2 -3 +4 +5 +6 -7 +8 -9 +10 +11 +12 -13 -14 +15 +16 +17 -18 -19 -20 +21 +22 -23 -24 -25 +26 -27 +28 -29 -30
26 +1 -2 -3 +4 -5 -6 +7 -8 -9 -10 +11 +12 +13 +14 +15 +16 +17 +18 +19 +20 +21 -22 -23 +24 +25 +26
13 -1 +2 -3 +4 +5 -6 +7 -8 +9 +10 +11 +12 -13
27 +1 -2 +3 +4 +5 +6 -7 +8 -9 +10 -11 +12 +13 +14 -15 -16 +17 +18 -19 +20 -21 +22 -23 +24 +25 +26 +27
25 +1 +2 +3 -4 -5 +6 +7 +8 -9 +10 -11 -12 +13 -14 +15 -16 -17 -18 +19 +20 +21 +22 +23 +24 -25
25 -1 -2 +3 +4 +5 +6 +7 +8 +9 +10 -11 +12 -13 -14 -15 +16 +17 +18 +19 -20 -21 +22 -23 +24 +25
10 -1 -2 -3 +4 -5 +6 +7 -8 +9 +10
29 -1 -2 -3 -4 +5 +6 -7 +8 -9 +10 +11 +12 +13 +14 +15 -16 -17 -18 +19 -20 +21 +22 +23 -24 -25 -26 +27 -28 +29
26 +1 +2 +3 -4 +5 -6 -7 -8 -9 -10 -11 +12 -13 +14 -15 -16 +17 +18 -19 -20 +21 +22 -23 -24 +25 -26
26 +1 +2 -3 -4 +5 +6 +7 +8 +9 +10 +11 -12 +13 -14 -15 -16 -17 +18 +19 -20 +21 -22 +23 +24 -25 +26
7 -1 -2 +3 +4 -5 -6 +7
19 +1 +2 +3 -4 -5 -6 -7 -8 -9 -10 -11 -12 +13 -14 -15 +16 +17 -18 +19
7 -1 -2 +3 +4 -5 -6 -7
28 -1 +2 -3 +4 -5 -6 -7 +8 -9 +10 +11 +12 +13 -14 +15 +16 -17 +18 -19 +20 -21 +22 -23 -24 +25 -26 +27 -28
17 -1 +2 -3 +4 -5 -6 -7 -8 +9 +10 -11 -12 -13 +14 +15 -16 +17
30 +1 +2 +3 +4 +5 +6 +7 -8 +9 +10 -11 +12 -13 -14 -15 -16 +17 -18 +19 +20 -21 -22 -23 +24 -25 +26 +27 -28 +29 -30
8 +1 -2 -3 -4 +5 +6 +7 +8
20 +1 +2 -3 +4 +5 -6 -7 +8 +9 +10 -11 -12 +13 +14 +15 -16 -17 +18 -19 -20
18 -1 +2 +3 +4 +5 +6 -7 -8 +9 +10 -11 -12 +13 +14 -15 +16 -17 +18
23 +1 -2 +3 +4 +5 +6 +7 -8 -9 +10 -11 -12 -13 +14 +15 +16 -17 +18 +19 -20 -21 -22 +23
26 +1 -2 +3 +4 -5 +6 -7 -8 +9 -10 +11 +12 +13 -14 +15 +16 -17 +18 +19 -20 -21 +22 +23 -24 -25 -26
5 -1 +2 -3 +4 -5
20 -1 +2 +3 +4 -5 +6 -7 -8 +9 -10 +11 -12 +13 +14 -15 -16 -17 -18 -19 +20
5 +1 -2 +3 -4 -5
28 -1 +2 +3 -4 +5 -6 -7 -8 +9 -10 +11 +12 +13 +14 -15 +16 -17 +18 +19 +20 -21 +22 -23 -24 -25 +26 -27 +28
5 -1 -2 +3 +4 +5
26 +1 -2 -3 +4 +5 -6 +7 -8 +9 -10 +11 -12 +13 -14 +15 -16 +17 +18 -19 +20 +21 +22 +23 +24 -25 +26
25 +1 -2 -3 +4 +5 -6 +7 +8 +9 +10 -11 +12 -13 +14 -15 +16 +17 +18 +19 +20 -21 -22 -23 +24 +25
21 -1 -2 +3 +4 +5 -6 -7 -8 -9 -10 -11 +12 +13 -14 +15 -16 +17 -18 -19 -20 +21
11 -1 -2 -3 -4 -5 +6 -7 +8 +9 -10 +11
16 -1 +2 +3 -4 +5 +6 +7 +8 +9 -10 +11 -12 +13 +14 -15 +16
3 +1 -2 -3
13 +1 -2 -3 -4 -5 +6 +7 +8 +9 -10 +11 -12 +13
17 -1 +2 +3 +4 -5 +6 +7 -8 +9 +10 +11 -12 +13 +14 -15 +16 +17
8 +1 +2 +3 -4 +5 +6 +7 -8
12 -1 +2 +3 -4 +5 -6 +7 +8 -9 +10 -11 +12
5 +1 -2 -3 -4 +5
10 +1 -2 -3 +4 +5 -6 +7 -8 +9 -10
7 +1 -2 -3 -4 -5 +6 -7
22 -1 +2 -3 +4 -5 -6 -7 +8 +9 +10 -11 +12 -13 +14 -15 +16 -17 -18 -19 +20 +21 -22
24 -1 +2 +3 +4 +5 +6 -7 +8 +9 +10 -11 +12 +13 -14 +15 -16 +17 +18 +19 +20 +21 -22 +23 +24
21 +1 -2 -3 +4 +5 +6 +7 -8 -9 +10 +11 +12 +13 -14 +15 -16 -17 -18 -19 +20 -21
14 +1 +2 -3 -4 -5 -6 -7 -8 +9 +10 -11 +12 -13 +14
13 -1 +2 +3 +4 +5 +6 -7 +8 -9 -10 -11 -12 -13
23 -1 +2 +3 +4 +5 -6 -7 +8 -9 -10 +11 -12 +13 -14 -15 -16 +17 +18 -19 +20 -21 +22 -23
19 -1 -2 -3 +4 +5 -6 +7 +8 -9 -10 +11 +12 -13 +14 +15 -16 +17 -18 -19
24 +1 +2 +3 +4 -5 +6 -7 +8 -9 -10 -11 +12 +13 -14 -15 -16 +17 +18 +19 +20 -21 -22 +23 -24
26 +1 +2 +3 +4 -5 -6 -7 +8 +9 +10 -11 -12 -13 +14 +15 -16 -17 -18 +19 +20 -21 +22 -23 +24 +25 -26
2 +1 -2
19 +1 +2 +3 -4 -5 +6 +7 +8 +9 -10 +11 +12 +13 +14 +15 -16 +17 +18 -19
23 -1 -2 -3 +4 -5 +6 -7 -8 +9 -10 -11 -12 +13 +14 +15 +16 +17 -18 -19 -20 -21 +22 +23
8 -1 -2 -3 -4 -5 -6 +7 -8
14 +1 -2 +3 +4 -5 +6 -7 -8 +9 -10 +11 +12 +13 -14
21 +1 +2 -3 -4 +5 -6 +7 -8 -9 +10 -11 -12 -13 +14 +15 -16 +17 +18 +19 -20 +21
26 -1 -2 -3 +4 +5 +6 -7 -8 +9 -10 +11 +12 -13 -14 +15 -16 -17 -18 +19 +20 -21 +22 -23 -24 -25 +26
22 -1 -2 +3 +4 +5 +6 +7 -8 -9 -10 +11 -12 +13 +14 -15 +16 +17 -18 -19 +20 +21 +22
15 -1 +2 +3 +4 +5 +6 -7 +8 +9 +10 -11 -12 -13 +14 +15
27 -1 +2 +3 -4 +5 -6 -7 -8 -9 +10 -11 +12 +13 +14 -15 +16 +17 +18 -19 +20 +21 +22 -23 +24 -25 +26 +27
1 -1
6 -1 +2 +3 +4 +5 -6
3 -1 -2 -3
13 +1 +2 +3 -4 -5 -6 -7 -8 +9 +10 +11 -12 -13
22 -1 +2 -3 -4 +5 +6 +7 -8 +9 +10 -11 +12 +13 +14 +15 +16 +17 -18 +19 -20 +21 +22
28 +1 -2 +3 +4 +5 +6 +7 -8 -9 -10 -11 +12 +13 -14 -15 -16 +17 +18 +19 -20 -21 -22 +23 -24 +25 -26 +27 +28
22 +1 +2 +3 +4 +5 -6 -7 -8 +9 -10 +11 +12 -13 -14 -15 -16 -17 +18 +19 +20 -21 -22
7 -1 +2 -3 +4 -5 +6 -7
16 -1 +2 -3 +4 -5 -6 +7 +8 +9 -10 -11 -12 +13 -14 +15 +16
18 -1 +2 -3 -4 +5 -6 +7 +8 -9 -10 +11 +12 -13 -14 +15 -16 +17 +18
15 +1 -2 -3 +4 +5 +6 +7 -8 +9 +10 +11 -12 +13 +14 -15
1 -1
16 +1 -2 +3 +4 +5 -6 -7 -8 -9 -10 +11 +12 +13 +14 -15 +16
5 +1 -2 -3 +4 -5
3 -1 -2 -3
17 +1 -2 -3 +4 -5 -6 -7 +8 -9 +10 +11 -12 +13 +14 +15 -16 +17
17 -1 -2 -3 +4 +5 -6 -7 +8 +9 +10 -11 -12 +13 +14 -15 -16 +17
14 +1 +2 -3 +4 +5 +6 +7 -8 +9 -10 +11 -12 -13 -14
15 +1 +2 -3 +4 -5 -6 +7 -8 -9 +10 +11 -12 +13 +14 +15
6 -1 -2 -3 +4 +5 -6
24 -1 -2 +3 +4 -5 +6 +7 +8 -9 +10 -11 -12 +13 +14 +15 +16 +17 -18 +19 +20 +21 +22 -23 -24
6 +1 +2 +3 +4 +5 -6
8 +1 +2 +3 -4 -5 -6 +7 +8
4 -1 +2 +3 +4
11 +1 +2 -3 -4 -5 -6 +7 +8 -9 +10 +11
19 -1 -2 -3 +4 +5 -6 -7 -8 -9 +10 +11 -12 -13 +14 -15 +16 -17 +18 +19
10 -1 -2 -3 +4 -5 +6 -7 -8 +9 +10
24 +1 -2 -3 -4 +5 -6 +7 -8 -9 -10 +11 -12 -13 -14 +15 +16 +17 -18 +19 +20 +21 +22 +23 -24
14 +1 +2 +3 -4 -5 +6 +7 -8 +9 -10 -11 -12 +13 +14
10 +1 -2 +3 +4 +5 -6 +7 -8 +9 +10
18 -1 -2 +3 -4 -5 -6 +7 +8 -9 -10 +11 +12 -13 -14 -15 +16 -17 +18
3 +1 +2 +3
10 +1 -2 +3 -4 +5 -6 +7 +8 -9 -10
7 -1 -2 -3 +4 +5 -6 +7
6 +1 -2 +3 -4 +5 +6
22 -1 +2 +3 +4 +5 -6 +7 +8 -9 -10 +11 -12 +13 +14 -15 +16 -17 -18 +19 +20 +21 +22
6 -1 +2 -3 +4 +5 +6
26 +1 +2 -3 -4 -5 -6 -7 -8 +9 -10 +11 -12 -13 -14 -15 -16 -17 -18 -19 -20 +21 -22 -23 +24 +25 +26
11 -1 +2 +3 -4 -5 -6 -7 -8 +9 +10 -11
28 -1 +2 -3 -4 -5 +6 -7 +8 -9 -10 +11 -12 -13 -14 -15 +16 +17 +18 +19 -20 -21 -22 -23 +24 -25 +26 +27 -28
13 -1 -2 -3 +4 -5 +6 -7 -8 +9 +10 -11 -12 -13
12 +1 +2 -3 -4 -5 -6 +7 -8 +9 +10 -11 -12
10 +1 +2 -3 +4 -5 -6 +7 +8 +9 -10
6 +1 -2 -3 -4 +5 +6
16 -1 -2 +3 -4 -5 +6 -7 +8 +9 -10 +11 +12 -13 +14 +15 +16
28 +1 -2 -3 -4 +5 +6 -7 +8 +9 +10 +11 -12 -13 -14 -15 +16 +17 +18 -19 +20 +21 +22 -23 -24 -25 +26 -27 +28
29 -1 -2 +3 -4 -5 -6 -7 +8 -9 +10 -11 +12 +13 +14 -15 +16 +17 +18 -19 +20 +21 +22 -23 -24 +25 -26 +27 -28 +29
30 +1 +2 -3 -4 -5 +6 -7 -8 -9 -10 -11 +12 -13 +14 -15 +16 -17 -18 -19 +20 +21 -22 -23 +24 +25 -26 -27 -28 +29 -30
27 -1 +2 -3 -4 -5 +6 -7 -8 +9 +10 -11 -12 +13 -14 -15 -16 +17 -18 +19 -20 +21 -22 +23 +24 +25 +26 +27
18 -1 +2 +3 -4 +5 +6 -7 +8 -9 +10 -11 +12 -13 -14 +15 -16 +17 -18
18 -1 -2 -3 -4 -5 -6 +7 +8 +9 -10 +11 +12 -13 -14 -15 +16 -17 +18
10 +1 +2 -3 +4 -5 -6 -7 -8 -9 +10
5 +1 +2 -3 +4 +5
6 -1 +2 +3 +4 +5 -6
16 -1 +2 +3 +4 +5 -6 -7 +8 +9 +10 +11 -12 -13 +14 -15 -16
19 -1 -2 -3 -4 -5 -6 +7 -8 +9 -10 +11 +12 +13 -14 +15 +16 +17 -18 -19
26 +1 -2 +3 -4 +5 +6 -7 +8 +9 +10 -11 +12 +13 +14 +15 +16 +17 -18 +19 +20 +21 +22 -23 -24 +25 +26
10 -1 -2 -3 -4 +5 -6 +7 +8 -9 -10
17 +1 +2 +3 -4 -5 +6 +7 +8 -9 +10 -11 -12 -13 +14 +15 -16 -17
3 -1 +2 -3
11 -1 -2 +3 +4 +5 +6 +7 +8 +9 -10 -11
12 -1 -2 +3 -4 -5 -6 +7 -8 -9 +10 +11 +12
10 +1 +2 +3 +4 -5 +6 +7 +8 +9 -10
8 -1 +2 -3 +4 -5 +6 -7 +8
17 +1 +2 -3 -4 -5 -6 -7 +8 -9 +10 +11 +12 +13 +14 -15 +16 -17
5 -1 +2 -3 +4 +5
24 +1 +2 +3 -4 +5 -6 -7 -8 +9 +10 -11 +12 +13 +14 +15 +16 -17 -18 +19 +20 +21 +22 -23 -24
25 +1 -2 -3 -4 +5 +6 +7 -8 -9 -10 +11 -12 +13 -14 -15 -16 +17 +18 +19 -20 +21 +22 -23 +24 -25
27 +1 +2 +3 +4 +5 -6 +7 -8 -9 +10 +11 +12 +13 -14 +15 +16 -17 -18 -19 -20 -21 +22 -23 -24 +25 +26 +27
11 -1 +2 -3 +4 +5 +6 +7 -8 +9 -10 +11
26 +1 +2 +3 +4 +5 -6 -7 +8 +9 -10 -11 -12 +13 -14 -15 +16 +17 +18 +19 -20 +21 -22 -23 -24 +25 +26
6 +1 +2 -3 -4 -5 +6
12 +1 -2 -3 -4 +5 +6 -7 +8 -9 -10 +11 -12
26 +1 -2 +3 +4 +5 +6 +7 +8 -9 -10 -11 +12 +13 -14 -15 -16 +17 +18 +19 +20 +21 +22 -23 +24 -25 -26
14 -1 +2 -3 -4 +5 -6 +7 -8 +9 -10 -11 -12 -13 -14
4 -1 -2 -3 -4
18 +1 +2 -3 -4 +5 -6 +7 -8 -9 +10 -11 -12 +13 -14 -15 -16 -17 +18
30 -1 +2 -3 -4 -5 +6 +7 -8 +9 -10 -11 +12 -13 +14 -15 -16 +17 -18 -19 +20 -21 +22 -23 +24 -25 -26 +27 -28 -29 +30
8 -1 +2 +3 +4 +5 -6 +7 +8
8 +1 -2 +3 +4 +5 +6 -7 -8
19 -1 -2 +3 +4 -5 -6 +7 -8 -9 +10 +11 +12 -13 -14 +15 +16 +17 -18 -19
14 -1 +2 -3 -4 -5 +6 -7 -8 +9 -10 +11 +12 +13 -14
16 +1 +2 -3 -4 +5 +6 -7 +8 -9 -10 -11 -12 -13 -14 -15 -16
21 +1 -2 +3 -4 -5 +6 -7 +8 -9 +10 -11 +12 -13 +14 +15 +16 +17 +18 +19 -20 +21
9 +1 +2 -3 +4 +5 +6 +7 -8 -9
10 +1 +2 -3 +4 -5 +6 -7 -8 -9 +10
19 -1 -2 +3 -4 +5 -6 +7 +8 -9 +10 -11 +12 -13 +14 +15 +16 -17 -18 +19
17 +1 +2 -3 -4 +5 +6 +7 -8 +9 -10 -11 -12 -13 +14 -15 +16 -17
12 -1 -2 +3 +4 +5 +6 +7 +8 -9 -10 +11 -12
19 -1 +2 +3 +4 -5 -6 -7 +8 +9 -10 +11 -12 -13 +14 -15 +16 +17 -18 +19
11 +1 +2 +3 -4 -5 -6 +7 -8 +9 +10 +11
21 -1 +2 +3 +4 +5 +6 -7 +8 +9 -10 +11 +12 +13 +14 -15 -16 +17 +18 +19 +20 +21
14 -1 +2 +3 +4 -5 -6 -7 +8 -9 -10 -11 +12 +13 -14
2 -1 +2
16 -1 -2 -3 +4 +5 -6 +7 +8 -9 +10 -11 +12 -13 -14 -15 +16
10 -1 +2 -3 -4 -5 +6 +7 +8 -9 +10
27 -1 -2 +3 -4 -5 -6 -7 +8 -9 +10 +11 +12 +13 +14 -15 +16 -17 +18 -19 +20 +21 -22 -23 -24 -25 +26 +27
22 +1 -2 -3 -4 +5 -6 +7 +8 -9 +10 +11 +12 +13 -14 -15 -16 +17 -18 +19 +20 +21 -22
3 +1 +2 +3
24 +1 -2 +3 -4 -5 -6 +7 -8 +9 +10 +11 -12 -13 +14 +15 +16 -17 +18 -19 -20 -21 +22 -23 -24
10 -1 +2 -3 +4 -5 -6 +7 +8 +9 +10
1 +1
18 +1 -2 -3 +4 -5 -6 -7 +8 -9 -10 +11 -12 -13 +14 +15 -16 -17 -18
27 +1 -2 -3 -4 -5 +6 +7 +8 +9 -10 -11 +12 +13 +14 +15 +16 +17 -18 +19 +20 -21 +22 -23 -24 -25 -26 +27
24 -1 +2 +3 +4 +5 -6 +7 -8 +9 +10 +11 +12 +13 -14 -15 +16 +17 -18 -19 -20 -21 +22 -23 -24
18 -1 -2 -3 -4 -5 +6 -7 +8 -9 +10 +11 -12 +13 +14 -15 -16 +17 +18
28 +1 -2 -3 -4 -5 -6 +7 +8 -9 +10 +11 -12 +13 -14 +15 +16 -17 -18 -19 -20 +21 +22 -23 -24 +25 +26 -27 +28
18 -1 +2 +3 -4 -5 -6 +7 +8 +9 -10 +11 -12 -13 +14 -15 -16 +17 -18
14 -1 -2 -3 +4 +5 -6 +7 +8 +9 -10 -11 -12 -13 -14
4 +1 -2 -3 -4
18 +1 +2 -3 -4 +5 -6 -7 -8 +9 -10 +11 +12 -13 +14 +15 -16 +17 -18
15 +1 +2 -3 +4 -5 -6 -7 +8 -9 -10 +11 -12 -13 -14 -15
4 -1 +2 +3 -4
14 +1 +2 -3 -4 +5 +6 -7 -8 +9 +10 +11 +12 +13 -14
13 +1 +2 -3 -4 -5 -6 -7 -8 -9 +10 -11 -12 -13
6 -1 +2 +3 -4 +5 +6
27 -1 +2 +3 +4 +5 +6 -7 -8 +9 +10 -11 +12 -13 -14 +15 -16 +17 +18 -19 +20 -21 +22 +23 +24 -25 -26 +27
6 +1 -2 +3 +4 +5 +6
3 -1 -2 -3
29 -1 +2 +3 +4 +5 -6 -7 +8 +9 +10 -11 -12 +13 -14 -15 +16 -17 -18 -19 -20 -21 -22 -23 +24 -25 -26 +27 +28 -29
11 -1 +2 -3 -4 -5 -6 -7 +8 -9 -10 +11
6 -1 -2 -3 +4 -5 +6
20 -1 +2 -3 +4 -5 +6 -7 -8 -9 +10 +11 +12 +13 -14 -15 +16 +17 +18 -19 -20
9 -1 +2 -3 -4 -5 -6 +7 -8 +9
30 +1 +2 +3 -4 +5 +6 -7 -8 -9 +10 +11 +12 +13 +14 -15 +16 -17 +18 +19 -20 -21 +22 +23 -24 -25 +26 +27 +28 -29 +30
25 +1 -2 -3 +4 -5 -6 -7 -8 -9 +10 +11 +12 +13 -14 -15 -16 -17 +18 +19 +20 +21 +22 +23 -24 +25
30 +1 -2 -3 -4 -5 +6 +7 -8 +9 +10 -11 +12 +13 -14 +15 -16 -17 -18 +19 -20 -21 -22 +23 -24 +25 +26 +27 -28 +29 -30
5 +1 +2 +3 +4 +5
2 -1 -2
28 -1 -2 -3 +4 +5 +6 -7 -8 +9 +10 -11 -12 +13 -14 -15 -16 +17 -18 +19 +20 -21 -22 -23 +24 +25 -26 +27 +28
19 +1 -2 +3 +4 -5 -6 +7 +8 +9 +10 -11 -12 +13 -14 -15 -16 -17 -18 +19
28 +1 +2 +3 +4 -5 +6 +7 -8 -9 -10 +11 +12 -13 +14 -15 -16 +17 -18 +19 -20 +21 -22 +23 +24 -25 +26 +27 +28
21 -1 +2 +3 -4 +5 +6 -7 -8 +9 -10 -11 +12 -13 +14 -15 +16 +17 +18 +19 +20 +21
12 +1 +2 +3 -4 +5 -6 +7 -8 -9 +10 -11 -12
26 +1 +2 +3 +4 -5 -6 +7 -8 -9 -10 -11 +12 +13 -14 -15 +16 +17 -18 -19 -20 +21 -22 +23 +24 +25 +26
29 +1 +2 -3 +4 -5 +6 -7 +8 -9 +10 -11 -12 +13 -14 +15 +16 -17 +18 -19 +20 -21 -22 -23 -24 -25 -26 +27 +28 -29
28 +1 +2 -3 +4 -5 -6 +7 +8 -9 +10 -11 -12 +13 +14 +15 -16 +17 +18 +19 +20 +21 +22 +23 +24 +25 +26 -27 -28
1 -1
18 +1 -2 +3 -4 -5 -6 -7 +8 -9 +10 -11 +12 -13 +14 -15 +16 -17 -18
26 +1 +2 -3 +4 +5 +6 -7 +8 -9 -10 +11 -12 +13 +14 +15 +16 -17 -18 +19 -20 +21 +22 -23 -24 +25 +26
19 +1 -2 +3 +4 -5 +6 -7 +8 -9 +10 -11 +12 -13 -14 +15 -16 +17 -18 -19
23 +1 -2 -3 +4 +5 +6 +7 +8 +9 -10 +11 -12 +13 -14 -15 +16 +17 -18 +19 +20 -21 +22 -23
23 +1 +2 -3 -4 -5 -6 +7 +8 -9 -10 -11 -12 -13 +14 +15 +16 -17 -18 -19 +20 +21 -22 +23
24 -1 -2 -3 -4 +5 +6 +7 -8 -9 +10 +11 +12 -13 +14 -15 -16 +17 +18 -19 -20 -21 -22 +23 +24
3 -1 -2 -3
30 +1 +2 +3 +4 +5 -6 -7 -8 +9 +10 +11 -12 +13 -14 -15 -16 +17 +18 -19 -20 -21 -22 +23 -24 +25 -26 +27 +28 -29 -30
1 -1
22 +1 +2 +3 +4 -5 +6 -7 -8 -9 +10 +11 +12 +13 +14 -15 -16 +17 +18 -19 +20 -21 +22
13 -1 +2 -3 +4 +5 +6 +7 -8 -9 +10 +11 -12 +13
17 -1 +2 -3 +4 -5 +6 +7 -8 +9 +10 +11 -12 -13 -14 +15 +16 +17
18 -1 -2 -3 -4 +5 -6 -7 +8 +9 -10 +11 +12 +13 -14 +15 +16 +17 +18
3 -1 +2 -3
28 +1 +2 +3 +4 -5 -6 +7 -8 +9 +10 -11 +12 -13 +14 -15 -16 -17 -18 -19 +20 -21 -22 -23 -24 -25 -26 +27 -28
23 -1 +2 +3 +4 -5 -6 -7 +8 +9 -10 -11 +12 -13 -14 +15 +16 -17 +18 -19 +20 +21 -22 +23
11 -1 +2 -3 +4 +5 -6 +7 +8 -9 -10 -11
13 +1 -2 +3 +4 -5 +6 -7 +8 +9 +10 +11 -12 +13
27 +1 +2 +3 -4 +5 -6 -7 +8 +9 +10 -11 -12 -13 -14 +15 -16 -17 +18 +19 +20 -21 +22 +23 -24 +25 +26 -27
15 +1 +2 +3 -4 +5 -6 -7 -8 -9 -10 +11 +12 -13 +14 -15
17 +1 -2 +3 +4 +5 -6 +7 +8 -9 -10 +11 +12 +13 -14 +15 -16 +17
21 -1 -2 -3 +4 +5 +6 +7 -8 +9 +10 -11 +12 -13 +14 +15 +16 +17 -18 +19 -20 +21
21 +1 +2 -3 -4 +5 +6 +7 +8 +9 +10 -11 -12 -13 +14 +15 -16 +17 -18 -19 +20 -21
25 +1 +2 +3 -4 -5 -6 -7 +8 +9 +10 +11 +12 -13 -14 +15 +16 -17 -18 -19 -20 -21 +22 +23 -24 +25
28 -1 +2 -3 -4 +5 +6 -7 -8 +9 -10 -11 -12 -13 -14 +15 +16 -17 -18 -19 +20 +21 -22 +23 -24 -25 -26 +27 +28
24 -1 +2 +3 -4 +5 -6 +7 -8 -9 -10 +11 -12 +13 +14 -15 +16 +17 +18 +19 +20 +21 -22 -23 +24
26 -1 +2 -3 -4 -5 -6 -7 -8 +9 +10 +11 +12 -13 -14 -15 +16 -17 -18 -19 +20 +21 +22 +23 -24 -25 -26
20 -1 +2 -3 -4 -5 -6 -7 -8 -9 +10 +11 +12 -13 -14 -15 -16 -17 +18 -19 +20
25 +1 +2 -3 -4 +5 -6 -7 +8 -9 +10 -11 -12 +13 -14 -15 +16 +17 -18 -19 -20 +21 +22 +23 +24 -25
16 -1 +2 -3 -4 -5 +6 -7 -8 +9 +10 -11 +12 -13 +14 +15 -16
22 -1 +2 -3 -4 -5 +6 -7 +8 -9 +10 -11 -12 +13 +14 +15 -16 +17 +18 -19 -20 +21 +22
30 -1 -2 +3 -4 +5 -6 +7 +8 -9 +10 +11 -12 +13 -14 +15 -16 +17 -18 -19 +20 -21 -22 -23 -24 +25 -26 +27 -28 +29 -30
2 +1 -2
11 -1 +2 +3 +4 +5 -6 -7 -8 -9 -10 +11
10 +1 -2 -3 -4 -5 -6 -7 -8 -9 -10
22 +1 -2 -3 -4 -5 +6 -7 +8 +9 -10 -11 +12 +13 -14 -15 +16 +17 -18 -19 -20 -21 -22
13 -1 -2 +3 -4 +5 -6 -7 -8 +9 -10 -11 +12 -13
26 -1 +2 +3 -4 +5 +6 +7 -8 +9 -10 +11 -12 +13 +14 -15 +16 -17 -18 -19 -20 -21 -22 -23 -24 -25 +26
21 -1 +2 +3 -4 +5 +6 +7 +8 -9 -10 -11 -12 -13 +14 +15 -16 -17 +18 -19 +20 -21
9 -1 -2 -3 -4 -5 -6 -7 -8 +9
11 +1 +2 +3 +4 -5 +6 -7 +8 +9 +10 +11
16 -1 +2 +3 -4 +5 +6 +7 +8 +9 -10 +11 -12 -13 +14 -15 -16
30 -1 +2 +3 +4 +5 -6 -7 -8 -9 +10 +11 +12 -13 +14 +15 -16 +17 +18 +19 +20 +21 -22 -23 +24 -25 -26 +27 +28 +29 -30
24 -1 -2 -3 +4 +5 +6 +7 +8 +9 -10 +11 +12 +13 -14 +15 +16 +17 +18 +19 -20 -21 +22 +23 -24
22 -1 +2 +3 +4 -5 -6 +7 -8 +9 +10 +11 -12 +13 +14 -15 -16 -17 +18 +19 -20 +21 +22
3 -1 -2 +3
28 +1 -2 -3 +4 -5 -6 -7 -8 -9 +10 -11 +12 -13 +14 -15 +16 +17 +18 +19 +20 +21 +22 -23 -24 -25 +26 -27 -28
21 +1 -2 +3 -4 +5 +6 -7 +8 +9 +10 -11 -12 +13 +14 +15 +16 +17 -18 -19 +20 -21
19 +1 +2 +3 +4 +5 +6 -7 -8 +9 +10 -11 +12 +13 -14 -15 -16 +17 +18 +19
30 -1 +2 -3 -4 -5 -6 -7 -8 +9 +10 +11 +12 -13 +14 -15 -16 +17 -18 -19 -20 -21 +22 +23 +24 +25 -26 +27 -28 +29 +30
27 -1 -2 -3 -4 -5 -6 +7 +8 -9 -10 -11 +12 -13 -14 -15 -16 +17 -18 +19 +20 -21 -22 +23 -24 +25 +26 +27
6 +1 +2 +3 +4 +5 -6
16 +1 -2 -3 -4 +5 -6 +7 -8 +9 +10 -11 -12 +13 +14 +15 -16
26 +1 -2 +3 -4 +5 +6 +7 +8 -9 +10 -11 +12 +13 -14 +15 +16 +17 -18 +19 +20 +21 +22 +23 +24 -25 +26
10 +1 -2 +3 +4 +5 +6 +7 +8 +9 -10
16 -1 +2 +3 -4 +5 -6 +7 -8 -9 -10 -11 +12 +13 -14 +15 -16
19 +1 +2 -3 +4 +5 +6 -7 -8 +9 -10 +11 -12 -13 -14 -15 -16 +17 +18 +19
7 -1 +2 -3 -4 -5 +6 -7
10 -1 +2 -3 -4 -5 +6 +7 -8 +9 -10
27 -1 -2 +3 -4 +5 +6 +7 +8 +9 +10 -11 +12 +13 +14 +15 -16 +17 +18 -19 -20 -21 +22 +23 -24 -25 -26 -27
12 +1 -2 +3 +4 -5 -6 -7 +8 -9 -10 -11 +12
11 -1 -2 -3 -4 -5 -6 +7 +8 -9 -10 +11
7 +1 -2 -3 -4 -5 -6 +7
2 -1 +2
5 +1 +2 -3 +4 +5
13 -1 -2 +3 -4 +5 +6 -7 +8 +9 +10 -11 +12 +13
22 +1 +2 -3 +4 -5 +6 -7 -8 +9 +10 +11 -12 +13 -14 +15 +16 +17 +18 -19 -20 +21 +22
21 +1 +2 +3 +4 +5 -6 +7 -8 +9 -10 -11 -12 -13 +14 +15 +16 -17 +18 -19 +20 -21
22 -1 +2 +3 +4 +5 -6 +7 +8 -9 -10 -11 +12 -13 +14 -15 +16 +17 -18 -19 -20 -21 -22
20 -1 -2 -3 +4 -5 +6 +7 +8 +9 +10 +11 +12 +13 +14 -15 -16 +17 -18 -19 +20
3 +1 +2 -3
19 +1 -2 +3 -4 +5 -6 -7 +8 -9 +10 +11 -12 -13 +14 +15 -16 -17 -18 +19
13 -1 +2 +3 +4 +5 +6 -7 -8 -9 -10 +11 -12 -13
20 -1 +2 +3 -4 -5 +6 +7 -8 +9 -10 +11 +12 -13 -14 +15 +16 -17 -18 -19 -20
10 +1 +2 +3 -4 +5 -6 +7 +8 +9 -10
4 -1 +2 -3 +4
4 -1 -2 -3 -4
4 +1 +2 -3 +4
16 -1 +2 +3 -4 +5 -6 +7 +8 -9 -10 +11 -12 -13 -14 -15 -16
9 +1 -2 -3 +4 -5 -6 -7 -8 -9
13 +1 -2 +3 -4 -5 +6 +7 -8 -9 +10 -11 +12 -13
18 -1 -2 +3 +4 -5 +6 -7 +8 +9 -10 +11 +12 +13 +14 -15 +16 +17 -18
8 -1 -2 -3 -4 +5 -6 -7 +8
18 -1 +2 +3 -4 +5 -6 +7 -8 +9 +10 +11 -12 -13 -14 -15 +16 +17 -18
28 -1 -2 -3 +4 -5 -6 +7 -8 -9 -10 +11 +12 -13 +14 +15 -16 -17 +18 -19 -20 +21 -22 -23 +24 -25 -26 -27 +28
8 -1 -2 -3 +4 -5 -6 +7 -8
10 -1 +2 +3 +4 -5 +6 -7 +8 -9 +10
25 -1 -2 -3 +4 -5 +6 +7 -8 +9 +10 -11 -12 +13 -14 +15 +16 -17 +18 -19 -20 +21 +22 +23 -24 +25
27 +1 +2 +3 -4 -5 -6 -7 -8 +9 -10 +11 -12 -13 +14 +15 -16 +17 +18 +19 +20 +21 +22 -23 +24 +25 +26 -27
3 +1 +2 -3
12 -1 +2 -3 -4 +5 +6 -7 -8 +9 -10 -11 +12
12 -1 -2 +3 +4 +5 -6 -7 -8 -9 +10 -11 +12
28 +1 +2 +3 +4 +5 +6 -7 -8 -9 +10 +11 -12 -13 -14 +15 -16 -17 -18 +19 -20 -21 +22 +23 -24 +25 -26 +27 +28
18 -1 +2 -3 +4 -5 +6 +7 -8 +9 +10 -11 +12 -13 +14 +15 +16 -17 -18
2 +1 +2
29 +1 -2 +3 -4 -5 -6 +7 +8 +9 -10 +11 +12 +13 +14 -15 +16 +17 -18 -19 -20 +21 +22 +23 +24 -25 +26 +27 -28 -29
14 -1 -2 +3 +4 -5 +6 -7 +8 +9 +10 +11 -12 -13 +14
16 -1 -2 +3 -4 -5 +6 +7 +8 +9 -10 -11 +12 -13 -14 +15 -16
9 +1 -2 -3 +4 +5 -6 +7 -8 +9
1 +1
1 +1
12 +1 +2 -3 +4 +5 -6 +7 +8 +9 -10 +11 -12
3 -1 -2 -3
5 +1 -2 -3 +4 -5
3 -1 +2 +3
4 -1 -2 -3 -4
6 +1 +2 +3 +4 +5 -6
8 -1 -2 -3 -4 -5 -6 -7 +8
28 -1 +2 -3 +4 -5 +6 -7 +8 -9 +10 +11 -12 +13 +14 -15 -16 -17 +18 +19 +20 +21 +22 -23 +24 -25 -26 +27 -28
9 -1 -2 +3 -4 +5 +6 -7 -8 +9
12 -1 -2 -3 +4 +5 -6 +7 +8 +9 -10 -11 -12
2 -1 -2
11 -1 +2 -3 -4 -5 +6 +7 +8 -9 +10 -11
18 +1 +2 -3 -4 -5 -6 +7 +8 -9 -10 -11 +12 +13 +14 -15 -16 -17 +18
18 -1 -2 -3 +4 -5 +6 -7 -8 +9 +10 -11 -12 +13 -14 -15 +16 -17 -18
17 +1 +2 +3 -4 +5 -6 -7 +8 +9 -10 +11 -12 -13 +14 +15 +16 -17
30 -1 -2 -3 -4 +5 -6 +7 +8 +9 +10 -11 +12 -13 -14 +15 +16 -17 -18 -19 -20 -21 +22 -23 +24 -25 +26 -27 +28 -29 +30
11 +1 +2 -3 +4 -5 +6 +7 -8 -9 -10 -11
15 -1 -2 +3 +4 +5 -6 -7 +8 -9 -10 -11 +12 -13 +14 -15
7 -1 +2 -3 +4 -5 +6 -7
18 -1 +2 -3 +4 +5 -6 +7 +8 +9 -10 +11 -12 -13 +14 -15 +16 +17 -18
30 -1 -2 -3 -4 -5 -6 -7 +8 -9 +10 -11 -12 -13 +14 -15 +16 +17 +18 -19 +20 -21 +22 -23 +24 +25 -26 +27 -28 -29 -30
7 -1 -2 -3 -4 -5 -6 +7
18 -1 -2 +3 +4 -5 +6 +7 +8 +9 -10 -11 -12 -13 +14 +15 -16 -17 +18
14 +1 +2 -3 -4 -5 -6 -7 +8 +9 -10 -11 +12 +13 +14
4 -1 +2 -3 +4
30 +1 -2 +3 +4 -5 -6 -7 -8 +9 -10 -11 -12 +13 -14 +15 -16 +17 -18 +19 -20 +21 +22 +23 -24 -25 -26 +27 -28 -29 -30
26 -1 -2 +3 +4 +5 +6 -7 -8 -9 -10 -11 +12 +13 +14 +15 +16 +17 +18 -19 +20 -21 -22 +23 -24 -25 -26
12 -1 -2 -3 +4 -5 +6 -7 -8 -9 -10 -11 +12
29 -1 +2 -3 -4 +5 +6 +7 -8 -9 -10 -11 +12 -13 +14 +15 -16 +17 +18 +19 -20 -21 -22 +23 +24 +25 +26 -27 +28 +29
1 -1
24 -1 +2 +3 -4 -5 +6 -7 +8 -9 -10 -11 -12 +13 -14 +15 +16 +17 -18 +19 +20 +21 -22 +23 -24
10 +1 -2 +3 -4 +5 +6 -7 -8 -9 -10
19 -1 +2 -3 -4 +5 +6 -7 +8 +9 -10 -11 +12 -13 +14 -15 +16 -17 +18 +19
29 -1 -2 +3 -4 +5 -6 +7 +8 +9 -10 -11 +12 +13 -14 +15 -16 +17 -18 +19 +20 -21 +22 -23 -24 +25 -26 +27 +28 -29
2 +1 +2
30 +1 -2 -3 +4 +5 +6 -7 +8 -9 +10 +11 -12 +13 +14 -15 +16 +17 +18 +19 -20 +21 -22 -23 -24 +25 -26 -27 +28 +29 -30
2 -1 -2
25 -1 +2 +3 -4 +5 +6 +7 -8 +9 -10 +11 -12 -13 -14 +15 +16 +17 +18 +19 +20 +21 +22 +23 -24 -25
30 -1 +2 -3 -4 -5 -6 +7 +8 -9 +10 -11 -12 +13 -14 +15 +16 -17 +18 +19 -20 -21 +22 +23 -24 +25 +26 +27 -28 +29 +30
5 +1 +2 -3 +4 +5
4 +1 +2 +3 -4
16 +1 +2 +3 -4 -5 -6 +7 -8 -9 -10 +11 -12 -13 -14 +15 +16
24 -1 +2 +3 +4 -5 -6 +7 +8 +9 +10 -11 -12 +13 -14 +15 +16 +17 -18 -19 -20 +21 -22 -23 +24
5 -1 +2 +3 +4 +5
30 +1 -2 -3 +4 -5 -6 +7 +8 +9 -10 -11 +12 +13 -14 +15 -16 +17 +18 -19 +20 +21 +22 -23 +24 +25 -26 +27 -28 -29 -30
13 -1 -2 +3 +4 -5 +6 -7 +8 +9 -10 +11 +12 -13
12 -1 -2 +3 -4 +5 +6 +7 -8 +9 +10 -11 -12
5 -1 -2 -3 +4 -5
23 +1 +2 -3 -4 -5 +6 -7 -8 +9 +10 -11 -12 +13 +14 +15 +16 +17 -18 +19 +20 -21 -22 -23
11 -1 -2 -3 -4 -5 -6 -7 +8 -9 -10 -11
14 -1 -2 +3 +4 +5 -6 +7 -8 +9 +10 -11 -12 -13 -14
25 -1 -2 -3 -4 +5 +6 -7 +8 +9 -10 -11 +12 +13 -14 +15 +16 -17 +18 -19 +20 -21 -22 +23 +24 -25
9 -1 -2 -3 -4 +5 -6 -7 +8 -9
24 -1 -2 +3 +4 +5 +6 -7 -8 +9 -10 +11 -12 +13 -14 +15 -16 +17 -18 +19 +20 -21 +22 -23 +24
4 +1 +2 -3 -4
12 +1 -2 -3 -4 -5 +6 +7 +8 +9 +10 +11 +12
7 -1 +2 -3 +4 +5 +6 -7
28 -1 -2 -3 +4 -5 -6 -7 -8 -9 +10 -11 +12 +13 +14 +15 +16 -17 +18 -19 -20 -21 +22 +23 +24 +25 -26 -27 -28
25 -1 +2 +3 +4 +5 -6 +7 +8 -9 -10 -11 -12 -13 +14 -15 +16 +17 +18 -19 -20 +21 -22 -23 +24 +25
8 -1 +2 +3 +4 -5 -6 -7 +8
6 -1 -2 +3 +4 -5 +6
3 -1 +2 +3
12 -1 -2 +3 -4 +5 +6 -7 +8 -9 +10 +11 +12
13 -1 -2 +3 -4 -5 +6 -7 -8 +9 +10 -11 +12 -13
30 -1 +2 -3 +4 -5 -6 +7 -8 +9 -10 +11 +12 -13 -14 -15 -16 +17 -18 -19 +20 +21 +22 -23 +24 -25 +26 +27 -28 +29 +30
13 -1 -2 +3 +4 -5 +6 -7 +8 +9 -10 -11 -12 +13
23 +1 +2 -3 +4 +5 -6 +7 +8 -9 +10 +11 -12 -13 +14 +15 +16 -17 +18 -19 +20 +21 -22 +23
19 -1 -2 +3 -4 +5 +6 +7 -8 -9 -10 -11 -12 -13 +14 +15 -16 -17 -18 -19
30 +1 -2 +3 -4 -5 +6 +7 +8 -9 -10 -11 -12 +13 -14 -15 +16 +17 -18 +19 +20 -21 +22 +23 -24 +25 -26 -27 +28 -29 +30
21 -1 +2 -3 -4 -5 +6 +7 +8 -9 -10 +11 -12 +13 -14 +15 -16 +17 +18 -19 -20 +21
17 -1 +2 +3 -4 -5 +6 +7 +8 +9 +10 +11 +12 +13 +14 +15 -16 -17
1 +1
3 -1 -2 -3
8 +1 +2 +3 +4 -5 -6 +7 -8
1 +1
21 -1 -2 -3 +4 +5 +6 -7 -8 -9 +10 +11 +12 +13 -14 -15 +16 -17 +18 +19 -20 -21
26 +1 -2 -3 +4 -5 +6 +7 +8 -9 +10 +11 -12 +13 -14 +15 +16 +17 -18 -19 -20 -21 -22 +23 -24 +25 -26
20 +1 -2 -3 +4 +5 +6 -7 +8 +9 +10 +11 -12 +13 -14 +15 +16 +17 -18 +19 +20
27 -1 +2 +3 -4 +5 +6 -7 +8 +9 -10 -11 +12 -13 +14 -15 +16 -17 -18 +19 +20 +21 +22 +23 +24 +25 +26 +27
4 -1 -2 -3 -4
29 -1 -2 +3 +4 +5 -6 -7 +8 -9 +10 -11 -12 -13 +14 -15 -16 -17 -18 +19 -20 +21 +22 +23 -24 -25 +26 +27 +28 +29
4 +1 -2 -3 -4
26 +1 +2 -3 -4 +5 -6 -7 -8 -9 -10 -11 +12 -13 -14 -15 +16 -17 +18 -19 -20 -21 +22 +23 +24 +25 +26
7 +1 +2 +3 +4 -5 +6 +7
20 -1 +2 -3 -4 -5 -6 +7 +8 +9 -10 +11 -12 -13 +14 +15 +16 +17 -18 -19 +20
10 -1 -2 +3 +4 -5 -6 +7 +8 -9 -10
29 +1 -2 -3 +4 +5 -6 -7 +8 -9 -10 +11 -12 +13 -14 +15 +16 +17 -18 -19 -20 -21 +22 -23 +24 +25 -26 -27 -28 -29
2 -1 -2
26 +1 +2 +3 +4 -5 -6 +7 -8 +9 +10 +11 -12 -13 -14 +15 -16 -17 +18 -19 +20 +21 -22 +23 -24 -25 +26
24 +1 -2 -3 +4 +5 -6 -7 -8 -9 -10 +11 -12 +13 +14 +15 +16 -17 +18 -19 -20 -21 -22 +23 -24
1 +1
29 -1 -2 -3 +4 +5 -6 +7 -8 -9 -10 -11 -12 -13 -14 -15 -16 -17 +18 -19 +20 +21 +22 -23 -24 -25 -26 +27 -28 -29
1 +1
26 +1 -2 +3 +4 +5 +6 -7 +8 +9 -10 +11 +12 +13 -14 -15 +16 +17 -18 +19 +20 -21 +22 +23 -24 -25 +26
28 -1 -2 -3 +4 +5 +6 +7 +8 -9 -10 +11 +12 -13 +14 +15 -16 +17 +18 -19 +20 -21 -22 -23 +24 -25 -26 +27 -28
12 -1 +2 +3 -4 -5 -6 -7 +8 -9 +10 +11 -12
13 -1 +2 +3 -4 +5 +6 +7 +8 -9 -10 +11 -12 +13
15 -1 -2 +3 +4 -5 -6 -7 +8 -9 +10 +11 +12 +13 -14 -15
11 -1 +2 +3 +4 +5 -6 -7 -8 +9 -10 -11
11 +1 -2 +3 -4 +5 -6 +7 -8 -9 +10 +11
7 +1 -2 -3 -4 -5 +6 -7
9 +1 +2 +3 -4 +5 -6 +7 -8 +9
1 +1
30 -1 -2 -3 +4 +5 +6 +7 +8 +9 -10 +11 -12 -13 +14 -15 -16 +17 +18 -19 -20 -21 -22 -23 +24 +25 -26 -27 -28 -29 +30
18 -1 -2 +3 -4 +5 +6 -7 +8 -9 -10 -11 +12 +13 +14 +15 -16 +17 -18
23 +1 +2 +3 -4 -5 -6 -7 -8 -9 -10 -11 +12 -13 -14 -15 -16 +17 +18 -19 -20 -21 +22 -23
11 +1 -2 +3 +4 +5 +6 -7 -8 -9 +10 -11
1 -1
30 +1 +2 -3 +4 -5 +6 -7 +8 +9 +10 +11 -12 -13 +14 -15 -16 -17 +18 -19 +20 -21 -22 +23 -24 -25 -26 -27 +28 +29 -30
22 +1 +2 -3 -4 -5 +6 -7 +8 -9 -10 -11 +12 -13 +14 +15 -16 -17 -18 +19 +20 -21 +22
28 +1 -2 -3 +4 +5 -6 +7 -8 +9 +10 -11 +12 +13 +14 -15 -16 -17 -18 -19 +20 +21 -22 -23 +24 -25 +26 +27 +28
2 -1 -2
10 -1 +2 +3 +4 +5 +6 -7 -8 -9 -10
7 -1 -2 -3 -4 -5 +6 +7
23 -1 +2 -3 -4 +5 +6 +7 +8 +9 -10 -11 +12 -13 +14 +15 -16 -17 +18 -19 -20 +21 +22 -23
18 +1 +2 -3 -4 -5 +6 -7 -8 +9 +10 -11 -12 -13 -14 -15 -16 -17 -18
16 -1 +2 +3 +4 -5 -6 -7 -8 -9 +10 +11 +12 +13 -14 -15 +16
17 +1 +2 -3 -4 -5 -6 +7 +8 -9 +10 +11 -12 +13 +14 +15 +16 -17
30 +1 -2 -3 -4 -5 -6 +7 -8 +9 -10 -11 +12 +13 -14 -15 +16 -17 +18 -19 +20 +21 +22 +23 -24 +25 +26 +27 +28 -29 -30
21 +1 +2 -3 +4 +5 +6 +7 -8 -9 +10 -11 +12 -13 -14 -15 -16 +17 +18 -19 +20 -21
2 -1 +2
27 +1 +2 -3 +4 +5 -6 +7 -8 +9 -10 -11 -12 +13 -14 -15 -16 +17 -18 +19 +20 -21 +22 +23 -24 -25 -26 +27
12 -1 -2 +3 +4 +5 +6 +7 -8 -9 -10 -11 +12
18 -1 +2 -3 +4 -5 -6 -7 -8 -9 +10 +11 -12 -13 +14 -15 -16 -17 -18
19 -1 +2 -3 +4 -5 +6 -7 -8 +9 +10 +11 -12 +13 +14 -15 -16 +17 -18 -19
19 +1 -2 +3 +4 +5 -6 +7 -8 -9 +10 +11 +12 -13 +14 -15 -16 +17 +18 +19
10 -1 +2 -3 +4 -5 -6 -7 +8 +9 +10
16 -1 +2 -3 +4 +5 +6 -7 +8 +9 +10 -11 -12 -13 +14 +15 -16
20 -1 -2 +3 -4 +5 +6 -7 +8 -9 -10 +11 +12 +13 -14 +15 +16 +17 -18 -19 -20
11 +1 -2 +3 +4 -5 +6 +7 +8 +9 +10 -11
26 -1 -2 -3 -4 -5 -6 -7 -8 +9 +10 -11 +12 -13 -14 +15 +16 -17 +18 -19 -20 +21 +22 +23 -24 -25 -26
5 -1 -2 -3 -4 -5
9 +1 -2 -3 +4 -5 +6 -7 +8 +9
28 -1 +2 +3 -4 -5 -6 -7 -8 -9 -10 +11 -12 +13 -14 -15 +16 -17 -18 -19 -20 +21 +22 +23 +24 -25 +26 -27 -28
30 -1 +2 -3 -4 -5 -6 -7 +8 -9 -10 -11 +12 -13 -14 -15 -16 +17 -18 +19 -20 -21 +22 +23 +24 +25 -26 +27 -28 +29 +30
29 -1 +2 -3 -4 +5 -6 -7 +8 +9 +10 +11 -12 -13 -14 -15 -16 +17 +18 +19 +20 +21 +22 +23 -24 -25 +26 +27 +28 +29
13 +1 +2 -3 +4 +5 +6 -7 -8 +9 +10 +11 -12 +13
18 -1 -2 -3 +4 +5 -6 +7 -8 +9 -10 -11 -12 -13 -14 +15 +16 +17 +18
10 +1 -2 -3 +4 -5 -6 -7 +8 -9 -10
5 -1 -2 +3 -4 -5
1 -1
23 -1 -2 -3 +4 -5 -6 +7 -8 -9 +10 +11 +12 -13 -14 +15 +16 -17 +18 -19 -20 -21 -22 +23
5 +1 -2 -3 +4 -5
27 +1 -2 +3 -4 +5 -6 +7 +8 -9 +10 -11 -12 -13 -14 -15 +16 -17 -18 +19 -20 +21 +22 +23 -24 +25 -26 +27
14 -1 +2 +3 +4 -5 -6 -7 -8 +9 +10 +11 -12 -13 +14
23 -1 -2 -3 -4 +5 -6 +7 +8 -9 -10 -11 -12 +13 -14 -15 +16 -17 +18 -19 -20 -21 +22 -23
24 -1 +2 -3 -4 +5 +6 -7 -8 -9 -10 -11 +12 +13 +14 -15 +16 -17 +18 -19 +20 -21 -22 +23 -24
14 +1 +2 -3 +4 +5 -6 +7 +8 -9 -10 +11 -12 -13 +14
2 +1 +2
22 -1 +2 -3 +4 +5 +6 +7 -8 +9 +10 -11 -12 +13 +14 +15 +16 -17 +18 +19 -20 -21 -22
29 +1 -2 -3 +4 +5 +6 -7 -8 -9 +10 +11 +12 -13 +14 +15 +16 -17 -18 +19 +20 +21 +22 +23 +24 +25 -26 -27 -28 +29
5 -1 +2 +3 +4 -5
6 -1 -2 +3 -4 -5 -6
19 -1 +2 +3 +4 -5 +6 +7 +8 +9 -10 -11 -12 +13 +14 +15 +16 -17 -18 -19
21 +1 +2 +3 -4 +5 +6 +7 -8 +9 -10 -11 -12 +13 -14 -15 +16 +17 +18 +19 +20 +21
26 +1 -2 -3 +4 -5 +6 +7 -8 -9 +10 +11 +12 +13 +14 +15 -16 +17 +18 -19 -20 +21 -22 -23 +24 -25 -26
7 +1 +2 +3 +4 +5 -6 +7
11 -1 -2 +3 +4 +5 -6 -7 -8 +9 +10 +11
12 +1 -2 +3 -4 -5 +6 -7 +8 +9 -10 +11 -12
25 -1 +2 +3 -4 +5 +6 +7 -8 +9 -10 +11 +12 -13 +14 +15 -16 +17 -18 -19 -20 +21 -22 -23 -24 -25
20 -1 +2 +3 +4 +5 +6 -7 +8 -9 -10 -11 +12 -13 -14 -15 +16 +17 -18 +19 +20
7 +1 +2 +3 +4 -5 +6 +7
23 +1 +2 +3 +4 -5 -6 -7 +8 +9 +10 -11 +12 -13 -14 -15 -16 -17 +18 -19 -20 +21 +22 -23
23 -1 +2 +3 +4 -5 +6 -7 -8 -9 +10 +11 -12 -13 +14 +15 +16 +17 -18 +19 +20 -21 +22 +23
13 -1 +2 -3 -4 +5 -6 -7 +8 -9 +10 -11 -12 -13
12 -1 -2 -3 -4 -5 -6 +7 -8 -9 +10 -11 +12
28 -1 -2 -3 -4 +5 -6 +7 +8 +9 -10 +11 -12 -13 +14 +15 -16 +17 +18 +19 -20 -21 +22 +23 +24 +25 +26 +27 -28
21 -1 -2 -3 -4 -5 +6 +7 -8 -9 -10 +11 -12 -13 -14 -15 +16 +17 +18 -19 +20 -21
15 +1 +2 -3 -4 -5 -6 +7 -8 -9 -10 +11 +12 -13 +14 -15
4 -1 +2 +3 -4
30 +1 -2 -3 -4 +5 +6 +7 -8 +9 -10 -11 -12 -13 -14 +15 +16 +17 +18 +19 +20 -21 -22 -23 -24 +25 +26 +27 -28 -29 +30
30 +1 +2 +3 +4 +5 -6 -7 -8 -9 +10 -11 -12 +13 -14 -15 -16 -17 +18 -19 -20 -21 +22 -23 +24 -25 +26 -27 -28 +29 +30
25 +1 +2 -3 +4 -5 -6 +7 -8 -9 -10 +11 +12 -13 +14 +15 +16 +17 +18 +19 +20 +21 -22 -23 -24 -25
22 -1 +2 +3 -4 +5 -6 +7 +8 +9 +10 -11 +12 -13 +14 -15 +16 -17 -18 -19 -20 -21 -22
7 +1 -2 +3 -4 -5 +6 -7
29 -1 -2 +3 -4 +5 -6 +7 +8 -9 +10 +11 +12 +13 -14 -15 -16 -17 -18 +19 -20 -21 +22 -23 -24 -25 +26 -27 -28 -29
1 -1
25 +1 -2 +3 -4 +5 +6 +7 +8 -9 -10 +11 +12 +13 +14 -15 +16 +17 +18 -19 -20 +21 -22 -23 +24 +25
17 +1 -2 -3 -4 +5 +6 -7 +8 +9 +10 -11 +12 +13 -14 +15 -16 -17
2 +1 -2
8 -1 +2 +3 +4 -5 +6 -7 +8
5 +1 +2 +3 +4 +5
8 -1 -2 -3 +4 +5 -6 -7 -8
29 -1 -2 +3 +4 +5 +6 +7 -8 +9 -10 +11 +12 -13 +14 +15 +16 -17 -18 -19 +20 +21 +22 +23 +24 +25 +26 +27 +28 +29
17 -1 -2 -3 -4 +5 -6 -7 -8 +9 +10 +11 -12 +13 +14 -15 -16 -17
1 -1
5 +1 -2 +3 -4 +5
5 -1 -2 +3 +4 -5
8 +1 +2 -3 -4 -5 -6 +7 +8
29 -1 +2 +3 +4 -5 +6 +7 +8 +9 +10 -11 +12 -13 +14 +15 +16 +17 -18 -19 +20 -21 +22 -23 -24 -25 +26 -27 -28 -29
3 -1 +2 +3
22 -1 +2 +3 +4 -5 -6 +7 +8 -9 +10 -11 +12 -13 +14 +15 +16 -17 -18 -19 +20 -21 -22
5 +1 +2 +3 -4 -5
10 +1 -2 +3 -4 +5 -6 +7 +8 +9 -10
21 +1 +2 -3 -4 -5 +6 +7 +8 -9 -10 +11 +12 +13 -14 -15 -16 +17 -18 -19 -20 +21
16 +1 -2 +3 -4 +5 +6 +7 +8 +9 -10 -11 +12 -13 +14 +15 -16
17 +1 -2 -3 -4 +5 -6 -7 -8 +9 +10 -11 -12 -13 +14 +15 -16 +17
30 +1 -2 +3 +4 -5 -6 -7 -8 -9 +10 +11 +12 -13 +14 +15 -16 -17 +18 -19 +20 +21 -22 -23 +24 -25 -26 +27 -28 +29 -30
7 -1 +2 +3 -4 +5 +6 -7
25 -1 -2 +3 +4 +5 +6 -7 +8 +9 +10 -11 -12 -13 +14 -15 -16 +17 +18 +19 -20 -21 -22 -23 -24 +25
13 +1 +2 +3 +4 +5 +6 +7 +8 +9 -10 -11 +12 -13
10 +1 +2 -3 -4 -5 -6 -7 +8 +9 -10
27 +1 -2 -3 -4 -5 -6 +7 +8 -9 +10 -11 +12 -13 +14 -15 +16 -17 -18 -19 +20 -21 +22 -23 -24 +25 -26 +27
8 -1 +2 -3 -4 -5 +6 -7 -8
24 -1 -2 +3 +4 -5 +6 -7 -8 -9 +10 -11 -12 +13 -14 -15 -16 -17 +18 +19 +20 -21 -22 +23 +24
9 +1 +2 -3 -4 -5 -6 -7 -8 +9
1 +1
11 -1 +2 +3 +4 -5 -6 +7 -8 +9 +10 -11
25 +1 +2 -3 +4 +5 +6 -7 -8 +9 -10 +11 +12 -13 -14 +15 -16 -17 -18 +19 -20 -21 +22 +23 -24 +25
8 -1 -2 -3 +4 -5 +6 -7 -8
15 +1 +2 -3 -4 +5 +6 +7 -8 +9 +10 -11 +12 +13 +14 +15
8 +1 -2 +3 +4 +5 +6 -7 +8
26 +1 -2 -3 +4 -5 -6 +7 -8 +9 +10 +11 -12 -13 +14 +15 -16 +17 +18 +19 -20 -21 +22 -23 +24 -25 +26
20 +1 +2 -3 +4 -5 -6 +7 -8 -9 -10 +11 -12 +13 -14 +15 -16 +17 +18 +19 +20
22 +1 +2 +3 -4 -5 +6 +7 -8 +9 +10 -11 -12 +13 +14 +15 -16 +17 +18 -19 +20 -21 +22
14 -1 -2 +3 +4 +5 +6 -7 -8 -9 +10 +11 -12 +13 +14
10 -1 -2 +3 -4 -5 -6 -7 +8 -9 +10
20 +1 +2 -3 -4 -5 +6 -7 -8 -9 -10 +11 -12 -13 +14 -15 -16 -17 -18 +19 +20
3 +1 -2 -3
8 +1 -2 -3 -4 -5 +6 +7 +8
8 +1 +2 -3 -4 +5 +6 -7 -8
2 +1 -2
19 +1 -2 -3 +4 -5 -6 -7 +8 +9 +10 -11 +12 +13 +14 +15 -16 -17 -18 -19
3 -1 +2 -3
6 -1 +2 -3 +4 -5 +6
20 -1 +2 +3 +4 -5 -6 -7 +8 +9 +10 -11 -12 -13 +14 -15 +16 +17 +18 +19 -20
14 -1 -2 +3 -4 -5 +6 -7 +8 -9 -10 +11 -12 +13 -14
4 +1 -2 -3 -4
4 -1 +2 -3 +4
23 +1 +2 +3 +4 +5 -6 +7 -8 -9 -10 -11 +12 -13 +14 -15 -16 -17 +18 -19 +20 +21 -22 +23
27 -1 +2 -3 -4 -5 -6 -7 +8 +9 +10 +11 +12 -13 -14 +15 -16 +17 -18 -19 +20 +21 -22 -23 -24 +25 -26 +27
5 -1 +2 +3 +4 -5
30 +1 -2 -3 +4 -5 +6 +7 +8 +9 +10 -11 -12 +13 +14 -15 +16 -17 -18 -19 -20 -21 +22 +23 +24 -25 +26 +27 -28 -29 +30
20 +1 -2 +3 +4 +5 +6 -7 -8 -9 +10 -11 +12 -13 -14 +15 -16 -17 +18 -19 +20
16 +1 -2 +3 -4 +5 -6 -7 -8 -9 -10 +11 -12 -13 -14 +15 +16
30 -1 -2 +3 +4 +5 -6 +7 -8 -9 +10 -11 +12 +13 +14 -15 +16 +17 +18 +19 +20 +21 +22 -23 -24 +25 -26 -27 +28 -29 +30
27 -1 +2 +3 +4 -5 -6 -7 +8 +9 -10 +11 -12 +13 -14 -15 +16 -17 -18 +19 +20 +21 -22 +23 +24 +25 -26 +27
11 +1 +2 +3 +4 -5 -6 +7 +8 +9 -10 -11
9 -1 +2 -3 -4 -5 -6 -7 -8 -9
3 +1 -2 +3
24 -1 +2 -3 -4 -5 +6 +7 +8 -9 -10 +11 -12 +13 -14 -15 +16 -17 +18 -19 -20 +21 -22 +23 +24
18 -1 -2 -3 -4 -5 -6 +7 +8 -9 +10 +11 +12 -13 -14 +15 -16 -17 -18
28 -1 -2 +3 +4 +5 +6 -7 +8 -9 +10 +11 +12 -13 -14 +15 -16 -17 +18 +19 +20 +21 -22 -23 -24 +25 +26 -27 +28
11 -1 -2 +3 +4 +5 +6 -7 +8 +9 -10 -11
23 +1 +2 +3 +4 +5 -6 +7 -8 +9 +10 -11 -12 -13 +14 +15 +16 +17 -18 -19 -20 +21 +22 +23
13 +1 -2 -3 -4 -5 -6 +7 +8 -9 +10 +11 +12 +13
11 +1 -2 -3 -4 +5 -6 +7 -8 +9 +10 +11
25 +1 +2 +3 -4 -5 -6 -7 +8 -9 +10 +11 -12 -13 +14 +15 -16 -17 -18 +19 -20 +21 +22 -23 -24 +25
29 +1 -2 +3 -4 -5 +6 +7 +8 +9 +10 +11 -12 -13 +14 +15 -16 +17 -18 -19 +20 -21 +22 +23 +24 +25 -26 -27 -28 -29
21 -1 +2 -3 -4 -5 -6 +7 +8 +9 -10 +11 -12 +13 -14 -15 -16 -17 -18 +19 -20 +21
29 +1 -2 -3 +4 -5 +6 +7 +8 +9 -10 -11 +12 -13 -14 -15 +16 -17 -18 +19 +20 +21 +22 +23 +24 +25 +26 +27 -28 -29
9 -1 -2 -3 -4 +5 +6 +7 +8 -9
2 +1 -2
27 +1 +2 -3 -4 +5 +6 +7 -8 -9 -10 +11 +12 -13 +14 -15 +16 +17 -18 +19 -20 +21 +22 +23 -24 +25 -26 -27
4 +1 -2 -3 -4
4 -1 -2 -3 +4
27 +1 +2 +3 -4 +5 +6 +7 +8 -9 +10 -11 -12 +13 +14 +15 +16 +17 +18 +19 -20 -21 +22 -23 -24 +25 -26 +27
11 +1 +2 -3 -4 +5 +6 -7 -8 -9 -10 +11
28 -1 +2 +3 +4 +5 +6 -7 +8 -9 -10 +11 +12 +13 +14 +15 -16 -17 +18 -19 +20 -21 -22 +23 +24 -25 -26 +27 -28
19 +1 -2 +3 -4 +5 -6 -7 +8 +9 +10 +11 +12 -13 -14 -15 +16 -17 -18 -19
15 +1 +2 +3 +4 +5 +6 +7 +8 -9 -10 -11 +12 -13 +14 -15
30 -1 -2 +3 +4 +5 -6 -7 +8 +9 -10 +11 +12 -13 +14 -15 +16 -17 -18 +19 -20 +21 +22 +23 -24 +25 -26 +27 -28 -29 -30
9 -1 -2 -3 +4 -5 +6 -7 +8 -9
7 +1 +2 +3 -4 +5 -6 +7
16 -1 +2 -3 +4 -5 -6 +7 +8 -9 +10 +11 -12 -13 -14 +15 +16
18 +1 -2 +3 +4 -5 -6 -7 -8 +9 -10 +11 +12 +13 +14 -15 -16 +17 +18
6 -1 -2 -3 +4 -5 -6
18 +1 -2 +3 -4 -5 +6 +7 +8 -9 +10 +11 +12 +13 -14 +15 +16 -17 +18
27 -1 -2 -3 -4 +5 -6 -7 -8 +9 +10 -11 +12 -13 +14 -15 +16 +17 +18 -19 -20 -21 +22 -23 +24 +25 +26 -27
14 +1 -2 +3 -4 -5 +6 -7 -8 +9 +10 -11 +12 -13 +14
13 -1 -2 -3 +4 +5 -6 +7 -8 -9 +10 -11 +12 +13
29 -1 +2 +3 -4 -5 -6 -7 +8 -9 +10 +11 +12 +13 -14 +15 +16 -17 -18 +19 +20 -21 +22 +23 +24 +25 +26 +27 -28 +29
15 -1 +2 -3 -4 +5 -6 -7 -8 -9 -10 +11 +12 +13 -14 -15
11 -1 -2 +3 +4 +5 +6 +7 +8 +9 -10 +11
19 -1 -2 -3 +4 +5 -6 +7 -8 +9 +10 -11 +12 +13 +14 +15 -16 -17 +18 +19
3 -1 +2 +3
2 -1 -2
29 +1 +2 -3 +4 -5 -6 -7 +8 +9 -10 -11 +12 +13 +14 +15 +16 -17 -18 +19 +20 -21 -22 -23 -24 -25 +26 -27 -28 -29
25 +1 +2 -3 +4 -5 -6 +7 -8 +9 -10 +11 +12 +13 +14 -15 +16 -17 -18 +19 +20 +21 -22 -23 -24 +25
4 -1 +2 -3 -4
5 -1 +2 +3 +4 -5
5 -1 +2 +3 -4 -5
21 -1 +2 +3 +4 +5 -6 +7 +8 -9 +10 +11 -12 -13 +14 -15 -16 -17 +18 +19 -20 -21
5 +1 -2 +3 -4 +5
30 +1 -2 +3 +4 +5 +6 -7 +8 +9 +10 -11 +12 +13 +14 +15 +16 +17 -18 -19 +20 +21 +22 -23 -24 -25 -26 -27 +28 -29 -30
9 +1 -2 +3 -4 +5 -6 +7 -8 -9
2 +1 +2
2 -1 +2
21 +1 +2 +3 +4 +5 +6 +7 +8 -9 +10 +11 +12 -13 -14 -15 +16 -17 +18 +19 -20 -21
16 +1 -2 +3 -4 +5 -6 -7 -8 -9 -10 -11 +12 -13 +14 -15 +16
29 -1 +2 -3 -4 +5 -6 -7 -8 +9 -10 -11 +12 -13 +14 -15 +16 -17 +18 +19 +20 +21 +22 +23 -24 -25 -26 -27 +28 +29
3 +1 -2 +3
20 -1 +2 +3 +4 +5 -6 +7 -8 -9 -10 +11 +12 +13 -14 -15 -16 +17 +18 -19 -20
21 -1 +2 -3 +4 -5 -6 +7 +8 +9 -10 +11 -12 -13 +14 -15 +16 -17 -18 +19 -20 -21
15 -1 -2 -3 -4 +5 -6 +7 -8 -9 +10 +11 -12 -13 -14 -15
2 +1 -2
27 -1 +2 -3 +4 +5 +6 -7 -8 -9 +10 -11 +12 +13 -14 +15 -16 -17 +18 +19 -20 +21 -22 +23 +24 +25 +26 -27
8 -1 -2 +3 +4 +5 +6 +7 -8
3 +1 +2 +3
15 +1 -2 +3 -4 -5 +6 -7 +8 -9 -10 -11 -12 -13 -14 +15
24 -1 -2 -3 -4 +5 +6 +7 +8 -9 -10 -11 +12 +13 +14 -15 -16 -17 +18 +19 -20 +21 +22 +23 +24
15 -1 -2 -3 -4 -5 -6 -7 -8 -9 -10 -11 -12 -13 +14 -15
5 +1 -2 +3 -4 -5
29 +1 +2 +3 +4 -5 -6 +7 -8 +9 +10 -11 +12 -13 -14 +15 -16 +17 -18 -19 +20 -21 -22 -23 -24 +25 +26 +27 -28 +29
21 -1 +2 +3 -4 -5 +6 -7 -8 -9 +10 -11 -12 +13 -14 +15 +16 -17 -18 +19 +20 +21
18 +1 +2 -3 -4 -5 +6 +7 +8 -9 -10 -11 +12 -13 +14 +15 -16 +17 +18
12 +1 +2 +3 +4 -5 -6 -7 -8 -9 +10 +11 +12
12 -1 +2 +3 -4 +5 -6 -7 +8 -9 +10 +11 -12
6 -1 +2 -3 +4 -5 -6
25 +1 -2 -3 -4 -5 -6 -7 +8 -9 -10 +11 +12 +13 +14 -15 -16 -17 -18 -19 -20 +21 +22 +23 -24 +25
19 +1 +2 +3 +4 -5 -6 +7 -8 +9 +10 +11 +12 -13 +14 +15 -16 -17 +18 +19
12 -1 +2 +3 -4 -5 +6 +7 +8 +9 +10 -11 -12
19 +1 +2 -3 -4 +5 -6 +7 -8 +9 +10 -11 +12 +13 -14 -15 -16 +17 -18 -19
11 -1 +2 +3 +4 +5 -6 -7 -8 +9 +10 -11
22 -1 +2 -3 +4 +5 -6 -7 +8 +9 -10 -11 -12 +13 -14 +15 -16 +17 +18 +19 +20 +21 -22
30 -1 +2 +3 -4 -5 -6 -7 -8 -9 +10 +11 -12 +13 +14 -15 +16 +17 +18 +19 +20 -21 -22 -23 -24 -25 -26 -27 +28 +29 +30
27 +1 -2 +3 +4 -5 +6 -7 +8 +9 -10 +11 -12 +13 -14 -15 -16 -17 +18 -19 +20 +21 +22 -23 -24 +25 +26 +27
12 -1 -2 -3 -4 -5 +6 +7 +8 -9 -10 +11 -12
14 -1 -2 -3 -4 +5 +6 -7 +8 +9 -10 -11 -12 +13 +14
4 -1 -2 -3 -4
14 -1 -2 +3 -4 -5 -6 -7 -8 +9 -10 +11 +12 +13 +14
22 -1 -2 +3 +4 +5 +6 -7 -8 -9 +10 +11 -12 +13 +14 +15 -16 -17 +18 +19 -20 -21 -22
24 -1 -2 +3 +4 +5 -6 -7 -8 +9 +10 +11 -12 -13 +14 +15 +16 -17 -18 -19 -20 -21 -22 -23 -24
4 +1 -2 +3 +4
11 +1 -2 -3 +4 +5 -6 -7 -8 -9 +10 +11
4 -1 -2 +3 +4
15 +1 +2 -3 +4 +5 -6 +7 -8 +9 +10 -11 -12 +13 -14 -15
20 -1 +2 +3 -4 +5 +6 +7 -8 +9 -10 -11 +12 +13 +14 -15 -16 +17 -18 -19 -20
19 -1 +2 -3 +4 +5 -6 +7 +8 -9 -10 -11 -12 +13 +14 +15 +16 -17 +18 -19
17 -1 -2 -3 +4 +5 +6 -7 +8 -9 +10 +11 -12 -13 +14 -15 +16 -17
13 +1 +2 +3 -4 +5 +6 +7 -8 -9 +10 -11 +12 -13
13 +1 +2 -3 -4 -5 -6 -7 -8 -9 +10 +11 -12 +13
5 -1 +2 -3 -4 -5
30 -1 +2 -3 +4 +5 +6 -7 +8 +9 +10 +11 -12 -13 +14 +15 +16 -17 -18 -19 -20 +21 +22 +23 -24 -25 -26 +27 -28 -29 -30
18 -1 +2 -3 +4 -5 +6 -7 -8 -9 +10 -11 +12 +13 +14 +15 +16 -17 +18
1 +1
4 -1 -2 +3 -4
12 -1 -2 -3 -4 +5 -6 -7 +8 +9 -10 +11 +12
29 -1 +2 +3 +4 -5 -6 -7 +8 +9 +10 -11 -12 -13 -14 -15 +16 -17 +18 -19 -20 +21 -22 -23 -24 -25 -26 +27 +28 +29
6 -1 +2 -3 +4 +5 +6
17 -1 +2 +3 -4 +5 +6 -7 -8 +9 +10 +11 -12 +13 -14 -15 -16 -17
15 +1 -2 -3 -4 +5 +6 +7 +8 -9 -10 +11 +12 -13 +14 -15
11 +1 -2 +3 +4 -5 +6 +7 +8 +9 -10 +11
5 -1 -2 -3 +4 -5
23 -1 -2 +3 +4 +5 +6 +7 -8 +9 -10 +11 +12 -13 +14 +15 +16 -17 +18 -19 +20 +21 -22 -23
7 -1 -2 +3 -4 -5 +6 +7
10 +1 -2 -3 +4 -5 +6 +7 +8 -9 +10
14 -1 -2 -3 -4 -5 +6 +7 -8 +9 +10 -11 -12 -13 +14
30 +1 +2 +3 -4 -5 -6 -7 -8 +9 +10 -11 +12 -13 -14 -15 +16 +17 -18 +19 +20 +21 +22 -23 +24 -25 -26 -27 +28 -29 +30
24 +1 -2 -3 +4 -5 -6 -7 +8 -9 +10 +11 +12 -13 +14 -15 -16 -17 +18 +19 +20 -21 -22 -23 -24
29 +1 -2 -3 +4 +5 +6 +7 +8 +9 +10 -11 +12 +13 +14 -15 +16 -17 -18 -19 +20 -21 -22 -23 +24 +25 +26 +27 -28 -29
7 +1 +2 -3 +4 +5 +6 -7
22 +1 +2 +3 +4 +5 +6 +7 +8 +9 +10 +11 +12 +13 -14 +15 +16 +17 -18 +19 +20 -21 +22
9 -1 -2 +3 -4 +5 -6 -7 -8 -9
24 -1 +2 -3 +4 +5 +6 -7 -8 +9 +10 -11 +12 -13 +14 -15 +16 +17 +18 +19 -20 -21 -22 +23 -24
13 +1 -2 -3 +4 -5 +6 +7 -8 +9 -10 +11 +12 +13
7 -1 -2 -3 -4 +5 -6 -7
13 +1 -2 -3 +4 +5 -6 +7 +8 -9 -10 -11 -12 +13
