200
100.0 25.0 5.25 2.92 5.00
40.1 36.2 35.3 151.6
42.3 47.7 28.4 148.2
61.0 49.6 50.1 150.6
56.7 69.2 24.0 136.4
59.7 69.0 26.7 139.6
65.2 55.2 47.5 151.2
47.0 48.1 37.8 142.9
51.7 51.6 32.1 149.6
63.7 71.9 6.4 171.4
67.9 65.3 20.8 161.2
70.1 63.5 33.5 157.2
46.3 65.1 13.7 153.4
54.0 63.3 31.8 132.8
58.8 69.9 25.7 135.1
51.7 62.2 25.6 139.1
65.0 62.1 133.0 142.6
70.9 63.8 18.8 167.5
60.0 51.2 33.5 156.7
70.9 58.7 20.8 168.7
58.6 70.2 9.5 162.5
72.7 59.6 11.7 174.0
45.1 59.5 94.3 172.7
42.6 42.5 38.3 143.2
38.4 52.9 10.0 162.4
54.1 62.8 35.4 128.2
60.1 58.2 127.7 145.1
65.9 59.4 49.4 145.7
45.3 49.0 30.1 146.8
65.3 54.9 25.0 164.7
39.6 46.9 5.9 174.3
42.7 59.4 19.3 146.4
60.3 62.8 25.6 150.8
60.4 42.4 25.7 167.6
50.0 56.2 36.8 133.2
62.9 68.7 18.6 155.9
39.2 53.4 19.4 146.9
63.2 71.4 7.5 169.7
54.0 50.5 25.5 159.7
71.0 65.1 15.1 80.1
62.6 63.9 126.3 141.4
72.3 60.4 9.8 174.7
56.9 72.1 13.5 64.4
65.0 70.1 14.8 159.7
62.4 67.3 21.8 151.1
48.7 52.6 4.2 174.0
62.5 73.4 7.5 166.2
64.4 68.9 20.3 155.6
43.0 54.5 13.1 158.9
64.8 59.9 46.8 144.2
53.6 53.8 22.5 157.9
46.0 46.5 17.2 163.5
57.7 54.1 103.6 169.4
53.1 48.5 32.6 154.0
50.0 56.1 29.9 143.6
64.2 48.1 16.1 171.5
59.3 62.5 31.5 144.0
63.5 57.8 114.5 160.7
60.5 67.1 28.0 144.1
69.7 67.4 6.0 173.7
52.1 61.2 28.3 139.0
45.8 58.5 31.6 127.2
52.9 58.5 30.3 142.7
37.1 59.1 15.3 144.6
42.4 35.0 42.5 149.8
58.2 61.0 29.7 148.7
46.2 42.0 34.1 152.3
53.6 67.2 26.3 134.0
40.1 58.0 4.9 168.1
69.8 57.7 23.9 167.7
62.1 53.3 18.9 165.5
54.1 53.2 42.1 140.5
31.2 40.4 123.0 133.1
63.6 60.8 18.7 163.9
66.6 57.1 119.7 161.9
64.7 47.2 33.6 164.6
59.0 74.8 6.4 164.4
55.7 49.1 5.3 175.4
64.1 62.4 24.5 157.6
43.5 52.5 35.6 128.7
67.2 57.2 39.9 156.5
69.3 56.1 40.4 158.4
59.6 60.5 15.2 164.9
50.3 39.1 48.5 150.3
48.5 34.5 32.3 162.6
50.7 54.6 21.2 156.8
62.7 61.0 12.4 169.3
50.5 66.5 5.0 172.2
63.6 50.6 18.2 169.5
58.2 65.4 19.7 152.3
61.9 66.5 25.2 59.9
51.9 59.8 34.7 132.5
59.9 61.9 40.6 135.3
53.7 39.8 46.2 153.1
70.0 61.8 29.6 161.3
39.3 51.2 10.6 165.3
65.7 58.6 18.5 166.8
51.9 56.5 10.8 168.5
43.2 31.8 50.3 150.7
44.9 53.1 29.4 141.1
62.1 64.3 35.7 140.6
61.7 69.4 21.4 148.1
50.5 38.7 43.0 64.7
51.8 59.9 13.2 163.0
52.2 62.6 24.4 142.0
62.6 61.2 12.4 167.6
54.2 64.2 23.1 144.4
57.3 64.8 119.3 137.7
57.2 53.1 38.2 148.9
54.1 46.4 38.5 153.4
66.1 55.3 32.3 159.8
36.4 41.6 37.3 137.2
56.9 71.2 9.8 162.2
59.4 68.3 27.7 136.5
53.7 63.9 31.2 130.4
56.0 53.6 31.8 153.3
46.8 53.7 34.0 135.1
44.8 62.1 20.7 137.3
56.8 59.4 21.5 158.4
69.0 60.5 45.7 151.7
45.3 47.6 40.8 136.3
66.6 58.4 18.0 166.5
37.5 49.2 33.6 124.2
55.4 55.4 8.8 172.1
65.9 54.0 14.2 171.3
58.6 46.5 6.5 175.6
62.1 52.6 44.1 152.3
58.2 48.5 38.2 155.7
64.2 60.3 26.8 157.1
65.5 65.1 8.7 171.1
39.8 36.7 34.9 151.5
59.3 40.9 26.2 77.2
69.1 63.4 24.0 162.4
54.8 64.2 9.8 164.9
71.6 61.0 31.5 161.5
69.9 65.8 20.9 164.4
50.8 44.8 43.6 146.9
63.9 44.6 26.7 167.4
36.0 53.2 10.2 161.3
39.7 44.4 31.0 143.7
65.4 54.3 55.4 148.7
44.0 37.3 40.9 150.2
55.4 58.9 36.1 139.4
45.6 40.5 44.9 145.4
53.5 45.6 51.4 143.7
47.0 65.9 13.0 151.8
61.6 62.4 32.8 147.6
41.6 49.7 32.8 133.7
48.3 51.6 33.7 140.3
64.8 70.1 8.4 168.5
38.7 50.8 33.5 126.3
38.3 48.6 27.2 52.3
71.0 54.4 31.3 167.1
51.8 37.4 49.9 152.4
64.1 57.4 12.4 172.8
40.6 62.8 6.7 165.1
44.1 48.3 32.7 142.1
48.2 55.8 29.0 142.7
71.9 65.5 15.2 170.0
60.3 65.6 29.6 142.8
61.7 68.3 8.6 169.4
67.2 57.0 38.5 156.4
61.0 52.0 48.7 59.6
55.1 69.2 22.7 135.5
50.4 59.5 35.3 129.0
39.4 51.1 30.5 132.6
50.7 48.8 20.9 160.8
59.1 47.8 41.0 155.7
45.5 67.9 5.4 165.1
56.1 49.6 20.8 165.0
70.9 63.5 29.9 161.4
53.3 44.3 51.3 147.1
51.4 67.8 5.1 170.2
61.9 48.4 49.0 152.9
44.7 33.8 55.8 57.4
56.8 64.9 33.0 131.3
57.9 57.2 24.6 157.2
35.4 43.6 32.9 135.5
41.2 60.0 19.2 140.0
63.8 57.2 49.6 145.1
40.4 48.8 33.5 132.5
46.4 64.1 16.5 57.0
59.0 42.3 41.0 159.0
58.4 62.2 30.7 144.1
59.1 49.7 29.0 70.6
61.5 49.8 25.4 164.1
53.8 62.8 8.7 168.8
50.0 65.3 20.6 140.8
70.9 57.8 29.7 165.1
59.4 71.9 13.3 157.8
39.2 37.0 45.4 140.2
70.4 62.1 8.2 175.1
44.3 49.2 33.8 140.2
52.4 50.2 42.1 142.4
58.1 63.9 8.3 170.5
56.6 56.3 125.3 146.1
44.4 38.5 31.9 155.4
58.3 43.5 48.1 154.5
62.3 57.1 32.5 155.0
41.7 42.7 131.7 138.5
68.2 52.0 37.3 162.8
