1000
1 3
2 11
3 12
4 100
5 9999
6 44
7 8472
8 6337
9 6507
10 9174
11 5729
12 1483
13 9365
14 6969
15 4471
16 5708
17 8152
18 3288
19 6832
20 9964
21 494
22 2998
23 1947
24 4830
25 5439
26 2400
27 4609
28 3905
29 156
30 295
31 2387
32 7426
33 8721
34 9723
35 9900
36 5450
37 1733
38 4776
39 1543
40 1872
41 9917
42 5674
43 6306
44 7040
45 9897
46 8710
47 3818
48 1331
49 342
50 7678
51 4667
52 5146
53 7714
54 8260
55 6871
56 5554
57 7651
58 2671
59 2766
60 2864
61 8726
62 9744
63 7536
64 781
65 2321
66 3038
67 2197
68 1845
69 291
70 115
71 9043
72 8945
73 9269
74 2655
75 7453
76 3812
77 5895
78 6732
79 4377
80 5355
81 5011
82 1110
83 4400
84 3551
85 9634
86 2628
87 4091
88 9959
89 8761
90 4969
91 7379
92 3936
93 6315
94 6949
95 2448
96 4633
97 1328
98 5540
99 1545
100 6123
101 2085
102 2936
103 6546
104 4836
105 1124
106 4642
107 9665
108 2711
109 9933
110 3982
111 2309
112 1682
113 2393
114 5024
115 8752
116 6931
117 9077
118 6273
119 5832
120 6784
121 5578
122 5100
123 6517
124 3993
125 3295
126 9164
127 8641
128 2362
129 4774
130 3662
131 5579
132 4034
133 2057
134 7357
135 1153
136 6946
137 1731
138 3971
139 3433
140 1116
141 200
142 8012
143 1342
144 5462
145 2292
146 7760
147 388
148 4950
149 8912
150 2218
151 9761
152 4228
153 8593
154 6425
155 4953
156 7513
157 3035
158 6418
159 9175
160 903
161 2600
162 8767
163 1658
164 7415
165 6362
166 7631
167 544
168 1555
169 6486
170 7602
171 4044
172 3605
173 4357
174 296
175 845
176 9377
177 1025
178 4599
179 4028
180 7355
181 3206
182 9673
183 4491
184 8284
185 4737
186 56
187 2002
188 7945
189 6903
190 3791
191 8132
192 470
193 3731
194 4898
195 4655
196 2490
197 7812
198 2424
199 4315
200 6620
201 2820
202 9517
203 4314
204 7619
205 8940
206 7456
207 607
208 5252
209 6524
210 1565
211 2805
212 312
213 6227
214 1013
215 5847
216 2618
217 4994
218 3198
219 492
220 3096
221 4348
222 532
223 1590
224 9321
225 9506
226 7451
227 5207
228 3463
229 6621
230 587
231 9801
232 4803
233 5286
234 9594
235 805
236 8016
237 7164
238 479
239 3629
240 8543
241 2297
242 6041
243 4186
244 8195
245 9664
246 7961
247 6194
248 9820
249 2895
250 9161
251 1516
252 6207
253 2637
254 4279
255 62
256 335
257 2653
258 6369
259 4889
260 8880
261 8440
262 9876
263 149
264 3851
265 1419
266 1888
267 2007
268 327
269 8656
270 26
271 5702
272 3560
273 8483
274 7899
275 4396
276 5078
277 717
278 2603
279 2513
280 1010
281 6876
282 7866
283 4693
284 3406
285 9792
286 5260
287 6428
288 5005
289 590
290 4189
291 290
292 7095
293 1435
294 8624
295 3764
296 9835
297 941
298 4172
299 2157
300 5728
301 7194
302 9981
303 1338
304 2371
305 8699
306 1432
307 560
308 3437
309 6554
310 7444
311 9515
312 154
313 8065
314 1725
315 3756
316 6144
317 2428
318 6284
319 6003
320 6692
321 2534
322 2556
323 7442
324 9871
325 2954
326 196
327 3202
328 3300
329 423
330 8293
331 6110
332 4495
333 6287
334 2460
335 5741
336 8119
337 1706
338 1325
339 678
340 5789
341 2268
342 4316
343 4362
344 1194
345 60
346 915
347 813
348 1835
349 952
350 7763
351 8328
352 9563
353 3653
354 7989
355 484
356 4147
357 3203
358 229
359 7132
360 2164
361 5538
362 457
363 1178
364 471
365 2049
366 1666
367 6299
368 6446
369 7258
370 31
371 6161
372 4748
373 656
374 3191
375 8316
376 4477
377 8029
378 2171
379 4023
380 8792
381 9908
382 7963
383 7394
384 207
385 3628
386 6484
387 4417
388 9317
389 5831
390 9341
391 5881
392 4379
393 166
394 1838
395 8077
396 7490
397 8304
398 7521
399 8180
400 7778
401 2279
402 1766
403 7197
404 3990
405 3105
406 9220
407 7630
408 4805
409 4102
410 536
411 1546
412 1927
413 1028
414 9979
415 3066
416 1012
417 7439
418 7510
419 7600
420 2732
421 3036
422 8495
423 145
424 7227
425 1295
426 3069
427 7903
428 9192
429 8363
430 2420
431 983
432 4275
433 9177
434 238
435 842
436 9716
437 5767
438 8901
439 4670
440 7288
441 2555
442 143
443 3699
444 2698
445 1631
446 8026
447 2128
448 6583
449 1701
450 2665
451 6309
452 7376
453 2473
454 4681
455 3858
456 5491
457 1021
458 8471
459 1126
460 3159
461 2803
462 8092
463 1069
464 1929
465 9013
466 4760
467 2179
468 322
469 9579
470 236
471 2048
472 2765
473 7167
474 5112
475 7885
476 7091
477 9572
478 3490
479 9584
480 4479
481 5634
482 5632
483 1937
484 5430
485 8527
486 6905
487 4967
488 126
489 4603
490 3740
491 3266
492 1267
493 8263
494 6205
495 5033
496 333
497 9018
498 780
499 6414
500 1160
501 1527
502 9797
503 4929
504 197
505 1770
506 4943
507 858
508 8667
509 3834
510 909
511 7718
512 8963
513 7583
514 8368
515 3012
516 1482
517 1203
518 6065
519 6442
520 2306
521 9362
522 2327
523 6480
524 5111
525 1120
526 4892
527 9806
528 2857
529 4465
530 2435
531 7391
532 9410
533 6543
534 8711
535 2840
536 2365
537 6075
538 9357
539 8828
540 4490
541 563
542 3223
543 1629
544 9360
545 8529
546 3362
547 9344
548 3278
549 3876
550 9368
551 2901
552 3027
553 9624
554 117
555 2722
556 8701
557 4048
558 4430
559 4136
560 4236
561 4568
562 6562
563 8935
564 2303
565 9862
566 2058
567 6967
568 3587
569 9741
570 6657
571 6977
572 1464
573 4374
574 2539
575 2966
576 2610
577 2486
578 914
579 1640
580 72
581 2855
582 4678
583 2943
584 2226
585 2149
586 3761
587 6514
588 2748
589 182
590 1466
591 7830
592 3224
593 7875
594 1943
595 5210
596 1792
597 3857
598 7403
599 2286
600 2708
601 2198
602 2739
603 6541
604 5559
605 1996
606 181
607 5712
608 6965
609 553
610 5886
611 303
612 4418
613 6646
614 9860
615 4862
616 3147
617 1467
618 7618
619 886
620 431
621 2687
622 1755
623 8448
624 8303
625 2678
626 45
627 9316
628 878
629 79
630 2823
631 613
632 1020
633 4937
634 704
635 3174
636 3838
637 47
638 6495
639 8692
640 9095
641 9502
642 2592
643 5997
644 5150
645 9358
646 9319
647 6747
648 2051
649 1263
650 338
651 8762
652 1197
653 7608
654 5271
655 2186
656 8510
657 3832
658 3782
659 615
660 9299
661 6000
662 7554
663 5568
664 1636
665 6470
666 9548
667 6136
668 1249
669 7820
670 9181
671 608
672 6080
673 222
674 8686
675 8216
676 3999
677 5604
678 3399
679 5764
680 2673
681 6435
682 8034
683 4087
684 80
685 8791
686 5503
687 4977
688 6290
689 3854
690 2613
691 506
692 1228
693 2670
694 5709
695 2366
696 2178
697 7496
698 8245
699 2169
700 5549
701 7622
702 920
703 7594
704 6707
705 1827
706 9235
707 753
708 5212
709 4978
710 1542
711 306
712 1427
713 1105
714 1252
715 3589
716 2974
717 7869
718 2920
719 1080
720 1552
721 8719
722 7551
723 8683
724 1772
725 5267
726 8522
727 8296
728 5949
729 2868
730 8545
731 3252
732 5515
733 8325
734 7877
735 9604
736 8330
737 1139
738 7159
739 5094
740 8577
741 9770
742 7108
743 4428
744 3530
745 1605
746 6976
747 4020
748 1550
749 5354
750 2091
751 2946
752 2642
753 2416
754 5052
755 4684
756 1591
757 1347
758 611
759 2069
760 1761
761 9961
762 895
763 4151
764 693
765 7952
766 2848
767 1437
768 5627
769 751
770 7074
771 4539
772 790
773 8040
774 2235
775 5190
776 7041
777 9856
778 5636
779 1229
780 5753
781 9928
782 2266
783 4773
784 4947
785 4960
786 3325
787 2735
788 5418
789 1032
790 362
791 9499
792 8589
793 9518
794 7969
795 3349
796 8078
797 7918
798 6147
799 1205
800 1955
801 5079
802 433
803 4611
804 6180
805 4436
806 2413
807 6708
808 633
809 9819
810 9380
811 102
812 6570
813 4741
814 9148
815 823
816 8259
817 6655
818 3943
819 847
820 489
821 1358
822 1022
823 1134
824 8235
825 7846
826 4630
827 2014
828 2646
829 9695
830 1653
831 5665
832 1641
833 898
834 358
835 1423
836 3457
837 4013
838 7265
839 2240
840 5457
841 6308
842 6639
843 6310
844 4261
845 151
846 1129
847 2322
848 4216
849 7116
850 4035
851 9207
852 1087
853 6863
854 4057
855 4162
856 1370
857 5269
858 1908
859 3679
860 9650
861 6916
862 4907
863 3564
864 8496
865 4955
866 1285
867 3658
868 683
869 2223
870 5405
871 6926
872 9374
873 3881
874 266
875 2626
876 3978
877 1952
878 9784
879 6511
880 2397
881 2694
882 5320
883 6701
884 5592
885 2727
886 5941
887 9042
888 6413
889 1470
890 6237
891 3962
892 6496
893 1518
894 5276
895 4944
896 8876
897 61
898 4705
899 3976
900 6271
901 5122
902 6220
903 4562
904 7818
905 8335
906 3042
907 221
908 9295
909 8089
910 1957
911 6090
912 4781
913 8383
914 9822
915 5958
916 6544
917 8120
918 7115
919 5905
920 3080
921 791
922 3984
923 8137
924 9963
925 8696
926 6120
927 13
928 5795
929 1726
930 5191
931 4785
932 7203
933 5074
934 1981
935 1074
936 2874
937 6160
938 4300
939 2177
940 832
941 9679
942 8657
943 2601
944 3312
945 4696
946 4689
947 89
948 121
949 2254
950 6674
951 1531
952 6686
953 7867
954 9428
955 8408
956 8829
957 6819
958 7519
959 7733
960 8673
961 9094
962 7688
963 9969
964 1343
965 5689
966 6024
967 1667
968 4726
969 6067
970 422
971 7907
972 9880
973 7129
974 3948
975 2754
976 1771
977 8430
978 7538
979 4809
980 2273
981 5605
982 1916
983 3488
984 1015
985 1143
986 6637
987 4121
988 6816
989 3563
990 2295
991 1300
992 5
993 9159
994 1057
995 5352
996 4713
997 251
998 7494
999 3717
1000 5134
