10
1 5 5 1 45
1 -1 1
2 1 1
3 0 0
4 -1 -2
5 1 -2
2 5 7 3 0
1 -1 1
2 1 1
3 0 0
4 -1 -2
5 1 -2
3 11 12 11 37.7
1 7.77 -2.13
2 3.81 -8.86
3 8.02 -0.83
4 -3.39 1.90
5 8.39 -2.64
6 9.81 -3.68
7 0.55 -8.04
8 5.34 6.40
9 -1.01 -5.38
10 9.17 0.54
11 4.60 1.77
4 11 12 8 74.3
1 7.77 -2.13
2 3.81 -8.86
3 8.02 -0.83
4 -3.39 1.90
5 8.39 -2.64
6 9.81 -3.68
7 0.55 -8.04
8 5.34 6.40
9 -1.01 -5.38
10 9.17 0.54
11 4.60 1.77
5 5 6 2 43.0
1 6.67 9.63
2 -9.56 -7.36
3 -0.65 8.62
4 -6.27 -4.80
5 -3.09 4.79
6 5 6 1 114.8
1 6.67 9.63
2 -9.56 -7.36
3 -0.65 8.62
4 -6.27 -4.80
5 -3.09 4.79
7 4 5 1 175.9
1 5.08 -6.39
2 -9.42 -7.10
3 -8.03 8.16
4 -8.77 -9.59
8 4 5 1 117.5
1 5.08 -6.39
2 -9.42 -7.10
3 -8.03 8.16
4 -8.77 -9.59
9 6 7 2 116.9
1 -2.36 9.23
2 -0.59 -1.15
3 -5.37 6.39
4 -1.75 9.05
5 8.21 -7.00
6 7.26 -4.37
10 6 7 2 8.2
1 -2.36 9.23
2 -0.59 -1.15
3 -5.37 6.39
4 -1.75 9.05
5 8.21 -7.00
6 7.26 -4.37
