100 100
1 39.90 -16.70
2 34.65 -52.70
3 76.85 -60.80
4 70.85 19.20
5 95.19 38.80
6 28.12 46.00
7 27.62 -8.20
8 43.17 5.20
9 14.27 -57.20
10 37.62 7.40
11 67.85 -60.40
12 103.47 8.90
13 64.05 -63.10
14 28.10 16.50
15 83.64 -26.40
16 68.32 -11.20
17 44.67 28.00
18 119.54 -29.60
19 105.74 45.30
20 69.30 -59.70
21 49.75 12.00
22 43.40 -29.00
23 42.17 31.90
24 89.67 -37.10
25 65.05 -57.10
26 30.12 6.30
27 30.37 28.60
28 46.22 -69.70
29 32.87 -1.20
30 107.04 -47.00
31 34.12 -1.90
32 70.80 56.00
33 20.32 49.90
34 53.52 61.80
35 40.70 -47.30
36 35.42 -26.40
37 91.94 -34.40
38 74.07 49.30
39 90.42 -43.00
40 43.95 -59.50
41 28.65 44.90
42 88.64 -69.00
43 38.15 16.40
44 101.99 -56.70
45 49.45 -54.70
46 34.40 -18.00
47 49.97 -8.70
48 17.55 89.30
49 52.75 19.80
50 11.30 23.50
51 11.00 -18.00
52 99.69 -26.30
53 68.60 -36.40
54 2.00 29.10
55 7.27 35.60
56 35.87 -9.70
57 79.60 74.20
58 115.79 -46.90
59 89.92 12.60
60 16.32 41.00
61 10.55 42.30
62 64.77 14.60
63 14.25 60.70
64 67.80 -49.00
65 39.20 -40.00
66 47.22 -59.30
67 80.37 26.70
68 44.97 -43.40
69 68.07 54.90
70 100.99 40.30
71 10.25 56.50
72 95.42 51.50
73 31.87 -0.30
74 2.25 59.20
75 72.07 -53.50
76 76.39 -22.60
77 88.89 -34.30
78 77.35 -47.40
79 75.85 -42.20
80 53.02 56.40
81 78.10 27.10
82 111.27 9.90
83 91.67 -39.00
84 6.50 -42.30
85 66.02 53.70
86 83.67 -15.70
87 110.82 28.10
88 39.42 -29.30
89 105.02 62.60
90 48.47 -55.00
91 106.99 34.00
92 111.07 15.20
93 14.82 4.10
94 85.64 -10.60
95 76.07 -47.30
96 56.02 20.50
97 77.64 -19.80
98 32.12 -17.80
99 59.30 -50.70
100 61.30 -17.50
1 3
20 14 144.70 55.24
73 15 321.36 55.97
1 264 8
2 1121 4
3 2319 9
2 3
39 2 190.46 80.21
73 13 354.21 81.15
1 133 8
2 1846 11
3 2746 5
3 9
20 4 328.53 76.96
73 17 142.61 77.34
1 747 33
2 1879 98
3 1987 40
4 2429 41
5 3745 7
6 3941 42
7 5101 70
8 5244 99
9 7029 71
4 10
58 7 279.16 62.90
80 6 99.29 62.90
1 1143 52
2 1883 78
3 2590 67
4 3000 70
5 3634 24
6 4394 92
7 5335 81
8 6465 9
9 7609 20
10 9446 63
5 7
21 14 165.81 69.60
46 4 352.44 69.75
1 1610 100
2 3358 19
3 4476 73
4 4668 46
5 6024 64
6 6526 35
7 8299 27
6 8
26 2 200.19 77.27
70 3 0.65 78.44
1 432 15
2 1512 6
3 1640 95
4 1744 1
5 2286 73
6 3621 32
7 4138 94
8 4571 78
7 10
60 4 105.79 66.38
114 15 285.03 66.42
1 1774 74
2 2675 3
3 3404 23
4 5253 57
5 5453 58
6 5513 35
7 7226 79
8 8126 5
9 9654 21
10 10488 25
8 9
39 14 108.61 72.45
96 1 288.59 72.45
1 1781 12
2 2274 11
3 2587 29
4 3724 60
5 4742 56
6 5066 32
7 5539 83
8 6960 33
9 7789 13
9 6
30 4 105.83 66.37
74 15 285.07 66.41
1 916 43
2 1034 89
3 2015 97
4 2557 18
5 2847 46
6 3991 38
10 8
51 18 29.82 67.03
101 3 233.05 69.94
1 903 60
2 1668 92
3 2693 79
4 3199 14
5 4260 12
6 4754 85
7 5892 55
8 7667 78
11 8
39 12 273.39 71.77
92 19 94.33 71.78
1 527 99
2 1562 80
3 1963 6
4 3570 20
5 4382 93
6 5781 47
7 6725 28
8 8298 94
12 9
29 7 62.56 64.71
84 9 249.72 65.06
1 1579 8
2 2377 15
3 4133 51
4 5967 10
5 6320 4
6 6678 89
7 7589 57
8 8267 45
9 9828 12
13 7
56 17 334.03 78.59
87 6 145.75 79.06
1 179 54
2 1841 33
3 2117 73
4 2789 8
5 4264 7
6 6095 22
7 7282 4
14 5
52 19 47.84 71.17
100 4 214.32 69.55
1 1240 77
2 1400 63
3 2758 39
4 4493 75
5 4691 82
15 7
43 12 343.26 73.11
98 4 158.87 73.45
1 1723 69
2 2744 99
3 3434 88
4 4626 77
5 5016 45
6 5289 97
7 5431 90
16 6
40 18 344.50 74.16
65 15 173.09 73.92
1 238 40
2 849 26
3 2581 41
4 3838 33
5 4233 37
6 4823 6
17 9
24 6 100.74 56.93
74 16 290.98 55.24
1 861 58
2 1147 18
3 1670 9
4 2186 44
5 3362 12
6 3889 8
7 5473 46
8 7272 91
9 8430 30
18 8
48 14 108.82 72.43
72 1 288.80 72.43
1 1301 11
2 1797 41
3 3030 99
4 4555 20
5 5551 94
6 6236 42
7 7330 4
8 8925 17
19 7
43 8 201.82 59.84
100 5 34.86 62.23
1 752 92
2 1281 50
3 1423 47
4 1988 58
5 2199 62
6 2990 42
7 3797 14
20 6
59 15 46.35 65.69
84 2 247.23 68.68
1 1455 20
2 2251 72
3 2327 57
4 2968 67
5 3767 60
6 3945 78
21 9
37 7 186.06 69.94
84 16 2.59 70.03
1 1709 73
2 2767 99
3 4193 82
4 5787 50
5 7095 15
6 8055 17
7 9457 52
8 10265 69
9 10754 53
22 8
32 11 267.29 72.36
81 15 77.10 71.86
1 297 52
2 430 80
3 1774 31
4 2277 41
5 3036 6
6 4134 96
7 4606 100
8 5210 99
23 5
44 4 21.44 74.89
88 8 197.87 74.56
1 358 3
2 2099 53
3 3223 10
4 3787 95
5 4962 31
24 6
26 12 289.53 74.52
66 5 106.22 74.63
1 1698 62
2 1779 66
3 2124 65
4 3097 70
5 3940 40
6 4495 55
25 6
44 7 157.88 57.93
85 20 318.09 60.87
1 785 84
2 1350 10
3 1548 94
4 2317 91
5 3024 45
6 3332 12
26 6
25 17 122.31 57.04
46 15 302.77 56.97
1 198 40
2 2013 84
3 3674 38
4 4112 65
5 4470 49
6 5505 76
27 9
58 19 47.91 71.20
84 4 214.41 69.59
1 229 18
2 763 93
3 902 42
4 2604 82
5 3278 64
6 4963 61
7 5799 60
8 7534 68
9 8980 24
28 5
28 18 26.81 62.65
58 13 235.91 67.15
1 527 19
2 825 14
3 2281 68
4 2416 69
5 4233 17
29 6
39 16 295.80 67.09
88 17 112.77 67.40
1 1162 40
2 1810 56
3 3185 66
4 3473 86
5 3648 24
6 4007 27
30 8
34 1 289.31 72.37
93 14 109.33 72.37
1 942 85
2 1408 58
3 2052 86
4 3412 51
5 4838 89
6 5787 88
7 5936 79
8 6669 57
31 7
31 12 30.18 69.75
67 16 210.62 69.80
1 296 60
2 653 3
3 2088 57
4 3816 93
5 4152 89
6 5902 39
7 7631 21
32 8
33 11 267.31 72.36
85 15 77.12 71.86
1 860 66
2 1163 78
3 2589 34
4 3723 57
5 4215 27
6 5269 16
7 7046 51
8 8615 59
33 10
52 19 64.01 57.69
77 16 234.49 56.21
1 951 95
2 1784 46
3 3251 38
4 5033 79
5 5404 98
6 6607 40
7 7775 86
8 8765 44
9 10244 22
10 11078 65
34 6
41 6 121.41 68.75
86 8 307.53 68.39
1 1210 85
2 1974 56
3 3627 42
4 4097 22
5 4980 27
6 5989 81
35 7
24 19 47.91 71.17
70 4 214.39 69.56
1 187 13
2 1070 35
3 2354 64
4 3183 65
5 3690 39
6 5003 20
7 5782 7
36 7
54 9 234.52 68.06
99 1 40.71 66.84
1 1152 32
2 2034 22
3 3812 97
4 4916 62
5 5100 21
6 6039 25
7 7571 61
37 6
31 16 291.22 55.14
64 6 100.92 56.86
1 738 39
2 2071 41
3 2769 65
4 2835 68
5 3945 51
6 4912 1
38 6
34 4 328.51 76.95
92 17 142.58 77.33
1 1566 73
2 2068 35
3 2671 76
4 2744 14
5 3362 94
6 3427 45
39 10
21 15 46.23 65.69
49 2 247.11 68.67
1 1158 98
2 1977 27
3 3326 94
4 3924 51
5 4562 63
6 5323 89
7 5848 47
8 7567 57
9 8029 61
10 8465 100
40 9
48 3 271.58 72.69
100 15 87.08 72.59
1 934 21
2 1160 99
3 2733 80
4 4375 58
5 4558 69
6 6409 60
7 6731 4
8 7278 26
9 8585 14
41 10
51 20 267.35 72.79
84 15 78.07 72.37
1 900 68
2 1391 52
3 3018 13
4 3254 48
5 3691 42
6 5038 61
7 6231 21
8 6484 54
9 6849 50
10 7091 11
42 9
46 18 310.07 56.45
67 4 133.44 55.76
1 992 42
2 2718 26
3 2795 7
4 4033 82
5 5179 50
6 6840 93
7 7056 9
8 8409 10
9 9424 92
43 5
56 12 343.26 73.10
114 4 158.87 73.44
1 982 40
2 1866 62
3 2641 3
4 3305 28
5 4731 58
44 10
57 8 307.93 68.34
90 6 121.68 68.72
1 911 49
2 2713 65
3 3262 75
4 4421 84
5 6205 13
6 7598 11
7 8081 94
8 8230 87
9 9448 3
10 10096 90
45 5
39 7 157.90 57.91
61 20 318.07 60.86
1 702 42
2 1694 22
3 3426 71
4 4714 89
5 5471 8
46 9
29 5 48.51 52.86
68 1 220.35 50.99
1 949 19
2 1253 53
3 1648 12
4 2246 97
5 2585 8
6 4135 23
7 5360 83
8 5672 61
9 6764 24
47 6
45 15 242.88 70.04
83 12 60.23 69.81
1 1323 82
2 2139 10
3 3465 48
4 3624 53
5 4085 69
6 5447 54
48 8
57 3 317.49 59.28
109 7 160.54 55.26
1 499 56
2 1033 71
3 1681 62
4 2569 52
5 3771 80
6 5377 69
7 5672 22
8 6848 63
49 5
25 16 210.90 69.97
85 12 30.46 69.92
1 696 48
2 2073 57
3 3514 18
4 5370 44
5 6943 20
50 5
21 13 282.86 64.02
44 16 100.34 63.98
1 1455 90
2 1896 28
3 2322 5
4 2621 83
5 3241 41
51 5
54 5 64.94 62.31
77 16 239.16 61.65
1 1097 18
2 1301 91
3 1569 70
4 2610 61
5 3438 89
52 7
50 8 201.75 59.78
72 5 34.82 62.18
1 519 94
2 1624 74
3 2313 100
4 4170 98
5 4813 20
6 5993 54
7 6424 23
53 5
56 17 74.21 70.18
85 7 251.51 69.98
1 904 15
2 1565 44
3 2903 55
4 4259 45
5 5046 11
54 7
40 7 82.00 67.52
91 2 258.57 67.61
1 1123 8
2 2051 3
3 3087 99
4 3991 53
5 5466 6
6 7101 10
7 8922 85
55 9
38 9 234.48 68.06
85 1 40.68 66.84
1 540 7
2 725 91
3 1670 38
4 1774 74
5 2983 11
6 3126 24
7 4249 19
8 5477 41
9 6660 60
56 6
59 16 103.82 65.75
106 20 283.37 65.75
1 378 60
2 1631 17
3 2033 95
4 3725 2
5 5333 94
6 6638 96
57 9
38 11 317.76 60.81
72 7 157.39 57.98
1 458 57
2 1068 63
3 2210 90
4 3836 6
5 5528 44
6 6179 58
7 6595 20
8 7928 19
9 8253 60
58 10
49 5 105.77 74.65
79 12 288.97 74.55
1 456 6
2 1104 4
3 2647 88
4 3404 75
5 4597 64
6 6115 46
7 7552 65
8 7805 81
9 9278 27
10 10729 78
59 8
21 14 144.73 55.22
61 15 321.39 55.95
1 1626 51
2 1705 90
3 3332 95
4 4377 96
5 5395 99
6 7064 59
7 7348 45
8 8391 56
60 8
36 1 269.25 67.53
68 17 89.71 67.54
1 1362 76
2 2397 24
3 3101 64
4 3913 53
5 5418 31
6 6384 30
7 7882 94
8 8480 21
61 9
40 6 99.10 62.90
83 7 278.88 62.90
1 236 73
2 1259 66
3 2860 57
4 4267 3
5 5748 38
6 7110 17
7 8420 35
8 8646 70
9 8832 46
62 10
22 10 300.42 70.15
79 6 116.15 70.32
1 322 93
2 1290 94
3 2414 91
4 3928 29
5 5224 13
6 5315 14
7 6795 38
8 7214 43
9 8130 52
10 8963 33
63 8
23 14 144.70 55.24
77 15 321.36 55.97
1 1849 3
2 2020 88
3 2167 87
4 2741 46
5 3516 17
6 3927 31
7 4037 6
8 5276 48
64 10
31 6 115.80 70.34
60 10 299.92 70.19
1 996 68
2 1938 39
3 3477 11
4 3890 20
5 5332 22
6 5475 28
7 6472 40
8 6962 13
9 7690 7
10 7759 67
65 7
22 1 181.75 68.86
55 15 353.23 69.52
1 1201 89
2 2400 94
3 3140 66
4 4061 3
5 4702 38
6 5204 63
7 7049 88
66 8
55 8 308.03 68.33
112 6 121.75 68.70
1 864 73
2 1326 43
3 2032 99
4 2485 38
5 3551 80
6 4747 63
7 5808 82
8 7124 33
67 8
32 10 300.39 70.15
87 6 116.12 70.32
1 665 42
2 804 65
3 1709 26
4 3058 76
5 4693 44
6 5976 38
7 7210 45
8 7762 85
68 10
49 1 269.20 67.53
72 17 89.66 67.54
1 1274 64
2 1476 11
3 1832 22
4 3656 82
5 5256 34
6 6950 57
7 7187 36
8 8155 86
9 9348 77
10 10255 8
69 9
58 10 188.80 72.72
101 4 13.07 73.09
1 1907 33
2 2583 97
3 3492 96
4 4773 77
5 4926 69
6 5668 62
7 6453 86
8 7960 30
9 9711 31
70 10
31 4 305.48 66.58
81 6 109.71 68.78
1 1931 64
2 2235 82
3 4042 20
4 5465 13
5 6078 66
6 7662 89
7 8189 22
8 8488 84
9 8592 65
10 9164 50
71 9
27 7 279.27 62.90
64 6 99.38 62.90
1 1377 85
2 3043 33
3 4321 87
4 4934 9
5 5796 16
6 7595 70
7 7883 58
8 8896 23
9 9970 79
72 9
32 15 242.85 70.03
66 12 60.20 69.81
1 1406 64
2 3109 4
3 4206 45
4 4268 74
5 5852 89
6 7508 24
7 8851 78
8 9002 96
9 9461 92
73 5
29 20 230.91 68.73
57 18 25.77 65.16
1 619 40
2 1417 13
3 1933 4
4 2899 85
5 4250 9
74 9
40 18 25.63 65.07
74 20 230.85 68.68
1 844 17
2 1327 16
3 1548 10
4 2612 89
5 3309 100
6 3683 43
7 5142 8
8 6442 47
9 7830 23
75 8
23 13 354.34 81.09
56 2 190.69 80.15
1 1473 27
2 3033 31
3 4280 72
4 5302 83
5 6304 23
6 7618 38
7 8117 53
8 8401 46
76 5
47 12 108.69 69.18
76 18 286.02 69.36
1 152 78
2 1675 23
3 1788 54
4 2979 21
5 3039 24
77 5
44 16 102.60 65.40
100 11 283.02 65.40
1 729 96
2 1092 31
3 1681 97
4 3464 99
5 4859 87
78 9
30 13 236.00 67.19
62 18 27.00 62.73
1 1884 84
2 2616 59
3 2789 19
4 4189 48
5 4292 16
6 4630 76
7 6312 36
8 7434 85
9 8611 94
79 7
35 5 105.62 74.66
90 12 288.78 74.56
1 733 86
2 915 63
3 2495 83
4 3185 40
5 4412 3
6 5546 97
7 6791 45
80 5
58 9 149.89 75.43
83 20 306.19 75.94
1 1034 53
2 1253 43
3 1716 23
4 2754 5
5 3151 67
81 8
53 2 247.38 68.76
105 15 46.60 65.80
1 278 97
2 412 99
3 1247 91
4 1519 65
5 1981 81
6 2191 32
7 3768 33
8 4269 73
82 9
30 8 148.76 75.07
72 16 327.91 75.15
1 1337 22
2 2999 58
3 3580 34
4 4811 75
5 6443 26
6 6503 48
7 7450 24
8 9052 79
9 10373 3
83 8
49 20 283.62 65.75
104 16 104.32 65.74
1 490 42
2 597 57
3 2213 22
4 2757 86
5 3978 19
6 4482 21
7 4900 92
8 6569 85
84 5
46 11 3.28 80.50
84 2 199.29 79.64
1 279 21
2 1422 14
3 2640 15
4 4265 4
5 4980 96
85 8
47 2 190.47 80.22
87 13 354.24 81.15
1 841 38
2 2675 48
3 3723 80
4 4414 100
5 4534 57
6 5437 91
7 7222 54
8 8836 67
86 10
40 1 269.19 67.53
60 17 89.65 67.54
1 493 77
2 1646 69
3 3312 84
4 4178 30
5 4265 16
6 4648 85
7 4968 82
8 5920 13
9 6347 97
10 7593 94
87 8
49 14 165.75 69.64
95 4 352.37 69.79
1 1919 35
2 2370 19
3 3483 39
4 4346 18
5 5441 25
6 5930 34
7 7679 94
8 7847 61
88 10
53 18 344.55 74.12
103 15 173.17 73.88
1 893 67
2 1984 50
3 2115 60
4 2795 36
5 3180 43
6 3282 100
7 4429 74
8 5006 99
9 5919 97
10 6351 16
89 7
53 4 30.09 64.82
94 7 207.39 64.39
1 1948 21
2 3742 30
3 4999 54
4 5501 11
5 7038 46
6 8654 44
7 10206 6
90 9
48 7 62.65 64.71
90 9 249.78 65.07
1 1913 71
2 3210 72
3 3600 15
4 5320 17
5 6211 94
6 6851 35
7 7451 31
8 7938 13
9 9657 5
91 9
37 5 64.96 62.31
59 16 239.18 61.65
1 1337 58
2 2307 28
3 3029 42
4 3812 83
5 5337 19
6 6501 71
7 7349 13
8 8488 36
9 10064 94
92 5
28 20 5.16 80.17
52 2 201.30 79.34
1 976 23
2 1807 19
3 2287 33
4 3821 5
5 5053 89
93 10
38 5 10.60 68.92
66 17 175.66 67.63
1 168 35
2 1404 58
3 2165 94
4 3837 53
5 4448 90
6 5179 16
7 6776 59
8 7072 70
9 8433 8
10 10027 21
94 8
47 6 99.17 62.90
69 7 278.98 62.90
1 268 40
2 1485 100
3 1884 42
4 2299 86
5 4059 43
6 5033 13
7 6293 83
8 6780 45
95 6
54 13 316.41 60.33
83 7 155.46 57.87
1 719 11
2 1681 29
3 1801 30
4 3407 46
5 4466 55
6 6185 33
96 8
56 15 173.06 74.03
87 18 344.53 74.26
1 1661 66
2 1766 6
3 2906 77
4 3126 48
5 3808 84
6 5428 34
7 6213 80
8 8069 99
97 6
35 8 198.16 74.70
65 4 21.70 75.02
1 692 15
2 1667 37
3 2365 45
4 3731 18
5 5335 79
6 5502 99
98 7
53 13 268.34 70.83
101 15 75.50 70.06
1 1564 27
2 2992 49
3 4121 38
4 5228 17
5 6117 60
6 7799 72
7 7877 74
99 5
53 14 141.20 65.93
97 16 322.44 65.74
1 1548 87
2 3027 12
3 3740 48
4 4362 9
5 4587 92
100 6
22 4 328.48 76.99
56 17 142.58 77.37
1 1307 72
2 1431 81
3 1672 97
4 2562 70
5 3436 53
6 3913 86
