54
1
MAC
3
1 1 1
2
IW2C0NP3OS 1RLDFA
22
0 3 3 -3 7 -8 2 7 -4 3 8 7 4 1 1 -4 5 2 5 -6 -3 -4
3
G.IETSNPRBU 
17
2 4 5 -6 -1 -3 -2 -4 -4 1 -1 5 -3 4 1 -2 4
4
PIBN MRDSYEO
16
-4 4 -1 4 5 3 -5 4 -3 -3 -2 -5 -5 -3 1 3
5
D^obV@k"W*B&#]4!NcF$'lj%(d6XG5fi<Hxz7)2Lt~=8aQuvh}r_m+C9eI`-.>EwYyngZRsJKpqO{[\U|MPS,;T?031/A
93
-1 11 44 39 -31 -44 10 5 24 14 1 -33 42 28 -34 7 -37 24 14 3 -7 18 4 19 37 4 20 2 41 -42 18 15 -3 10 7 12 -11 -41 14 8 31 -26 37 -19 -17 -9 -16 15 31 14 29 -22 1 -24 20 -30 6 1 16 -29 31 -30 6 17 -43 -10 7 7 4 -22 10 -2 15 13 14 2 6 -17 34 -27 28 29 -28 2 33 -13 -15 6 -31 24 41 29 26
6
I
1
0
7
I
13
0 0 0 0 0 0 0 0 0 0 0 0 0
8
yiUnuhPdevlJosrtap A
34
-1 8 1 2 7 8 -4 -3 4 1 -2 8 -1 6 -1 8 -6 5 -2 -7 -7 -1 -2 -9 2 4 8 -10 7 -8 -10 3 6 -1
9
 dsyUhaSAienvloprtP
34
8 -7 9 3 2 9 4 -9 4 7 -2 3 -2 6 5 7 8 5 -3 7 3 1 -2 5 2 3 -1 7 5 6 7 5 6 5
10
n1rctihBm avgoUyes
32
7 -2 -5 -6 -6 4 -2 -4 -9 5 -9 5 4 5 6 5 4 -3 6 -1 -7 -6 -2 -9 0 4 1 7 -6 -5 -8 -8
11
mih yUnBtgrvoseac2
32
7 -6 5 3 -7 -5 3 8 4 -6 -3 2 1 -5 -8 3 -4 3 6 7 -4 -1 4 7 0 -4 6 -1 -7 5 8 -4
12
vmcisratnP ghoUeyB
33
-1 4 5 3 1 -6 -5 6 6 -5 2 4 -6 -5 -3 -3 8 -1 -1 4 -9 -6 7 -2 0 8 -3 4 1 -3 6 -1 -6
13
1m aboviUernystClu
30
-3 8 -7 1 2 3 3 -4 -1 6 3 -4 -1 3 1 3 -6 7 -2 8 -5 8 -7 1 2 3 3 -4 -1 -2
14
sC eUbvruiltan2yom
30
1 -3 -6 -2 -9 6 4 3 8 2 -9 -4 -3 -3 4 -7 -9 2 4 5 -1 -3 -6 -2 -9 6 4 3 8 -6
15
eCnUv1o rlyist
28
1 5 2 -6 -2 -5 0 -2 -4 -1 -5 -7 -4 -6 4 -1 2 -3 -3 -6 5 2 -6 -2 -5 0 -2 -2
16
rsC2l oynteUiv
28
2 4 -6 -6 2 -6 0 1 6 -3 4 1 -3 4 1 -3 -3 -2 -2 -3 4 -6 -6 2 -6 0 1 -2
17
ievys3UCornl t
28
-7 1 1 1 5 -4 0 1 -6 4 4 2 -1 -6 -5 -4 -1 4 -5 -5 1 1 1 5 -4 0 1 -7
18
Dnog ]CeGLl[wi0
29
0 2 -5 -2 3 3 2 1 2 -4 -7 0 -3 -4 4 -3 -4 2 -5 -2 3 3 2 1 4 1 2 3 6
19
utW igeyvolnrEsxC
31
-4 1 0 -8 -8 5 -4 -7 8 -6 7 6 -4 -4 -7 1 0 -4 -1 1 -3 -1 7 1 -2 -2 6 -8 7 -5 8
20
oHfUrytsv neiPad
32
1 -1 2 5 -1 -2 -6 -5 -6 7 2 -4 3 -7 3 5 -6 -1 4 -8 -1 2 5 -1 -2 -6 -5 4 7 -8 3 -4
21
g1svurCtyeoanK Ui
25
-4 -4 2 1 2 1 -3 4 4 6 -4 -3 -3 8 1 6 -8 4 -6 -4 -6 -6 -3 -5 4
22
2nCKye ougUivrast
25
3 2 -8 4 5 4 8 -7 1 -7 8 2 -4 5 5 2 -4 5 1 1 5 -1 2 8 -6
23
oseuygiU Cn3vrtKa
25
-2 4 -3 -6 -2 -1 3 -4 6 7 -6 5 5 8 7 4 1 8 3 2 -6 -3 5 7 3
24
o ManhGtlJCpregs
31
2 1 1 1 -2 4 0 -4 1 -3 -7 6 -8 0 5 1 -1 4 -8 -6 -4 -4 2 -1 3 2 5 6 1 0 7
25
WanCJpMhlestri og
31
6 -5 1 5 -6 -7 0 7 1 -5 6 -5 -7 0 1 7 -7 5 7 -3 -8 -5 4 3 -2 4 3 7 6 -2 -2
26
eLs CaNyugolmnit
34
6 -1 -3 0 3 3 -5 1 6 2 0 -4 5 1 1 -8 -4 1 6 1 0 5 -7 7 3 3 -2 0 -1 -2 -3 -4 3 5
27
ea2ntsgu mLNylCoi
36
-6 7 4 0 -4 6 1 6 1 -6 0 -2 -4 -4 5 8 -4 6 1 -2 0 4 6 -6 8 3 3 0 -6 2 6 -1 5 2 3 -6
28
Yrtney wPokUiuNpslv
30
-5 9 3 -1 -6 9 -8 9 -4 5 -8 9 6 5 -3 -4 -4 9 3 1 8 5 -8 -5 2 5 7 -5 2 6
29
YtyekUNrniovw sTch
29
6 -3 -9 1 5 -8 -3 -3 -9 -8 3 1 2 -8 4 7 -5 -8 1 -7 -7 -6 5 8 2 -5 -3 -9 1
30
vrnkhNteUWYiw osy
29
5 2 5 1 -3 4 4 2 -7 -5 -6 -8 6 7 -6 -3 -4 -5 -7 -3 -8 5 -2 5 -4 -5 7 -5 1
31
rcya enPUivst
20
-6 -4 -2 4 -1 4 -2 3 1 -5 -5 -2 -2 3 3 2 3 -4 -2 4
32
evo rkPnlBAUcsyhti
38
6 -4 6 6 2 2 -6 3 -8 -8 -5 -9 8 -4 -8 2 -1 4 -9 4 -1 -2 7 6 -5 -2 0 3 3 6 -7 -4 3 -4 6 6 7 7
33
PcU ietnrovBsklhy
38
0 -8 5 2 7 -1 -4 -3 -8 -3 -3 2 -1 5 -3 6 -5 3 4 -8 2 -7 4 8 -3 1 0 4 1 2 8 -4 -3 -8 5 2 4 8
34
vnkPBolyCtei chUrs
38
3 2 1 1 2 1 3 1 5 -8 2 -1 3 4 -8 7 -8 6 1 -6 -2 -2 5 -8 -6 7 0 -3 4 1 -6 -7 -9 2 1 1 5 -4
35
syr v1PUoincet
32
6 -4 -7 1 1 1 1 -5 2 -7 4 3 -1 -5 -6 4 -2 -5 4 2 2 3 -4 -7 1 1 1 1 -5 2 -7 2
36
2vycos nPrieUt
32
-6 1 1 -3 -4 -6 2 5 3 -1 6 -5 3 5 -4 -2 -4 5 3 3 4 2 1 1 -3 -4 -6 2 5 3 -1 -6
37
Tt-rsUmuN YCQiaenolg
41
-8 -5 8 0 1 8 5 2 6 1 0 -3 4 -4 -6 -7 7 2 -6 3 2 -1 3 -1 -2 -1 -1 -9 0 -9 -9 -5 8 3 7 3 -2 7 -4 6 1
38
 leN2-oQCgUYuns
25
7 5 5 0 -4 1 1 -7 -2 -5 0 1 7 -7 -2 5 -5 -7 2 -7 -7 4 7 1 -4
39
C3Q oeNu-nsYlgU
25
2 5 -2 0 4 1 -7 -3 4 -7 0 -7 -7 7 -2 5 -5 -3 -1 7 5 7 -1 -2 1
40
o.CseJ p'tlhgS1
32
-2 -4 7 5 -1 -5 3 1 3 4 -3 -5 3 -4 -2 -5 0 -6 -7 7 2 7 -4 7 5 -1 -5 4 4 -5 3 -7
41
'pogChl2sS et.J
32
-6 3 1 -3 4 3 6 3 5 4 -5 -7 2 -6 -2 4 0 5 7 -7 -1 -1 3 1 -3 4 3 -6 4 -7 2 -3
42
lhgCse oJpS'3t.
32
-5 3 1 7 2 -1 -3 1 4 7 -5 -7 2 -3 4 -7 0 5 -3 3 1 4 3 1 7 2 -1 -2 6 -7 2 6
43
y nitScuIloshfgevTDk
37
5 -1 -9 1 -1 7 9 -10 7 -6 9 -7 -1 1 3 -3 -9 6 9 3 8 -4 -2 -9 6 -10 8 -1 1 4 6 1 -3 9 -1 -7 -8
44
YUBnyuNSksedCrt o-
27
7 -6 5 -6 -3 -8 7 2 5 1 -7 5 -7 3 0 -8 7 -3 5 -8 5 -9 6 -1 -7 -7 -5
45
YUo nrkScatyuBebsN
24
7 -6 -2 1 3 4 3 -8 2 7 -8 -8 -8 -3 0 4 -3 4 7 -5 -1 4 3 1
46
toansvYSwyNrBkelU 
26
7 -9 -6 -4 -7 8 -7 1 2 6 8 -5 -1 8 0 -6 4 8 7 6 6 -7 -4 8 -9 8
47
mpSoCtUivdac APr1Tfhen
65
-5 2 1 -8 -8 -1 0 -2 -3 -5 -3 -6 -7 8 -4 -4 -9 6 7 -10 -3 -7 -8 1 -8 1 -4 -1 2 -11 -10 9 2 -2 1 6 7 -9 -7 -6 -10 9 -4 -9 1 -10 9 -8 -2 -11 10 3 1 2 -10 7 2 -7 -4 -4 -1 0 -5 -3 4
48
CTphecoArvidSPUnf amt2
65
1 2 1 -9 5 6 0 -4 2 4 9 -3 1 -5 -4 9 2 -1 -10 2 9 3 5 1 -9 -10 4 -2 9 -3 -10 -1 -7 7 -11 5 -3 -11 10 1 -5 -7 5 -6 -11 -10 -1 -9 1 -3 -4 6 -10 1 -10 -3 -4 -3 -4 9 -11 0 4 9 4
49
TiphdPcfve3 UnatCASomr
65
0 3 6 2 5 3 0 5 7 -10 -10 1 1 10 -4 -6 -2 -4 -10 2 -10 4 10 6 2 6 9 4 6 -1 -7 3 -11 -11 4 2 -4 8 10 4 7 10 -5 8 4 -7 3 2 3 -1 -9 7 6 4 -6 -4 -6 -4 -4 -6 -4 0 -10 -10 -1
50
eTgoru Cl
19
1 2 2 -1 -1 3 1 -4 -4 0 1 2 -2 -3 4 2 2 -1 -1
51
vrYunytsaBl eUi
20
2 6 2 2 -1 2 6 -5 1 -3 4 6 7 7 -1 6 -2 1 -7 -6
52
ovl stUynBYeira
26
-5 4 3 -6 7 3 2 4 4 -5 2 6 -7 -7 2 -4 6 6 0 2 -3 -5 6 0 2 -3
53
evBu tirnoUsaydglY
23
-1 -5 4 2 4 6 -2 -2 -5 -1 7 4 -5 -1 8 -9 -2 1 -5 0 -2 -5 6
54
 ilsgahToYAvCUEMe
22
-8 7 4 3 -5 -7 -6 -5 -5 -4 -6 0 -3 5 -5 1 -8 4 -6 7 -4 5
55

0

