1000
1 6
2 8
3 10
4 12
5 60
6 2
7 4
8 14
9 16
10 18
11 20
12 22
13 24
14 26
15 28
16 30
17 32
18 34
19 36
20 38
21 40
22 42
23 44
24 46
25 48
26 50
27 52
28 54
29 56
30 58
31 62
32 64
33 66
34 68
35 70
36 72
37 74
38 76
39 78
40 80
41 82
42 84
43 86
44 88
45 90
46 92
47 94
48 96
49 98
50 100
51 2
52 4
53 6
54 8
55 10
56 12
57 14
58 16
59 18
60 20
61 22
62 24
63 26
64 28
65 30
66 32
67 34
68 36
69 38
70 40
71 42
72 44
73 46
74 48
75 50
76 52
77 54
78 56
79 58
80 60
81 62
82 64
83 66
84 68
85 70
86 72
87 74
88 76
89 78
90 80
91 82
92 84
93 86
94 88
95 90
96 92
97 94
98 96
99 98
100 100
101 2
102 4
103 6
104 8
105 10
106 12
107 14
108 16
109 18
110 20
111 22
112 24
113 26
114 28
115 30
116 32
117 34
118 36
119 38
120 40
121 42
122 44
123 46
124 48
125 50
126 52
127 54
128 56
129 58
130 60
131 62
132 64
133 66
134 68
135 70
136 72
137 74
138 76
139 78
140 80
141 82
142 84
143 86
144 88
145 90
146 92
147 94
148 96
149 98
150 100
151 2
152 4
153 6
154 8
155 10
156 12
157 14
158 16
159 18
160 20
161 22
162 24
163 26
164 28
165 30
166 32
167 34
168 36
169 38
170 40
171 42
172 44
173 46
174 48
175 50
176 52
177 54
178 56
179 58
180 60
181 62
182 64
183 66
184 68
185 70
186 72
187 74
188 76
189 78
190 80
191 82
192 84
193 86
194 88
195 90
196 92
197 94
198 96
199 98
200 100
201 2
202 4
203 6
204 8
205 10
206 12
207 14
208 16
209 18
210 20
211 22
212 24
213 26
214 28
215 30
216 32
217 34
218 36
219 38
220 40
221 42
222 44
223 46
224 48
225 50
226 52
227 54
228 56
229 58
230 60
231 62
232 64
233 66
234 68
235 70
236 72
237 74
238 76
239 78
240 80
241 82
242 84
243 86
244 88
245 90
246 92
247 94
248 96
249 98
250 100
251 2
252 4
253 6
254 8
255 10
256 12
257 14
258 16
259 18
260 20
261 22
262 24
263 26
264 28
265 30
266 32
267 34
268 36
269 38
270 40
271 42
272 44
273 46
274 48
275 50
276 52
277 54
278 56
279 58
280 60
281 62
282 64
283 66
284 68
285 70
286 72
287 74
288 76
289 78
290 80
291 82
292 84
293 86
294 88
295 90
296 92
297 94
298 96
299 98
300 100
301 2
302 4
303 6
304 8
305 10
306 12
307 14
308 16
309 18
310 20
311 22
312 24
313 26
314 28
315 30
316 32
317 34
318 36
319 38
320 40
321 42
322 44
323 46
324 48
325 50
326 52
327 54
328 56
329 58
330 60
331 62
332 64
333 66
334 68
335 70
336 72
337 74
338 76
339 78
340 80
341 82
342 84
343 86
344 88
345 90
346 92
347 94
348 96
349 98
350 100
351 2
352 4
353 6
354 8
355 10
356 12
357 14
358 16
359 18
360 20
361 22
362 24
363 26
364 28
365 30
366 32
367 34
368 36
369 38
370 40
371 42
372 44
373 46
374 48
375 50
376 52
377 54
378 56
379 58
380 60
381 62
382 64
383 66
384 68
385 70
386 72
387 74
388 76
389 78
390 80
391 82
392 84
393 86
394 88
395 90
396 92
397 94
398 96
399 98
400 100
401 2
402 4
403 6
404 8
405 10
406 12
407 14
408 16
409 18
410 20
411 22
412 24
413 26
414 28
415 30
416 32
417 34
418 36
419 38
420 40
421 42
422 44
423 46
424 48
425 50
426 52
427 54
428 56
429 58
430 60
431 62
432 64
433 66
434 68
435 70
436 72
437 74
438 76
439 78
440 80
441 82
442 84
443 86
444 88
445 90
446 92
447 94
448 96
449 98
450 100
451 2
452 4
453 6
454 8
455 10
456 12
457 14
458 16
459 18
460 20
461 22
462 24
463 26
464 28
465 30
466 32
467 34
468 36
469 38
470 40
471 42
472 44
473 46
474 48
475 50
476 52
477 54
478 56
479 58
480 60
481 62
482 64
483 66
484 68
485 70
486 72
487 74
488 76
489 78
490 80
491 82
492 84
493 86
494 88
495 90
496 92
497 94
498 96
499 98
500 100
501 2
502 4
503 6
504 8
505 10
506 12
507 14
508 16
509 18
510 20
511 22
512 24
513 26
514 28
515 30
516 32
517 34
518 36
519 38
520 40
521 42
522 44
523 46
524 48
525 50
526 52
527 54
528 56
529 58
530 60
531 62
532 64
533 66
534 68
535 70
536 72
537 74
538 76
539 78
540 80
541 82
542 84
543 86
544 88
545 90
546 92
547 94
548 96
549 98
550 100
551 2
552 4
553 6
554 8
555 10
556 12
557 14
558 16
559 18
560 20
561 22
562 24
563 26
564 28
565 30
566 32
567 34
568 36
569 38
570 40
571 42
572 44
573 46
574 48
575 50
576 52
577 54
578 56
579 58
580 60
581 62
582 64
583 66
584 68
585 70
586 72
587 74
588 76
589 78
590 80
591 82
592 84
593 86
594 88
595 90
596 92
597 94
598 96
599 98
600 100
601 2
602 4
603 6
604 8
605 10
606 12
607 14
608 16
609 18
610 20
611 22
612 24
613 26
614 28
615 30
616 32
617 34
618 36
619 38
620 40
621 42
622 44
623 46
624 48
625 50
626 52
627 54
628 56
629 58
630 60
631 62
632 64
633 66
634 68
635 70
636 72
637 74
638 76
639 78
640 80
641 82
642 84
643 86
644 88
645 90
646 92
647 94
648 96
649 98
650 100
651 2
652 4
653 6
654 8
655 10
656 12
657 14
658 16
659 18
660 20
661 22
662 24
663 26
664 28
665 30
666 32
667 34
668 36
669 38
670 40
671 42
672 44
673 46
674 48
675 50
676 52
677 54
678 56
679 58
680 60
681 62
682 64
683 66
684 68
685 70
686 72
687 74
688 76
689 78
690 80
691 82
692 84
693 86
694 88
695 90
696 92
697 94
698 96
699 98
700 100
701 2
702 4
703 6
704 8
705 10
706 12
707 14
708 16
709 18
710 20
711 22
712 24
713 26
714 28
715 30
716 32
717 34
718 36
719 38
720 40
721 42
722 44
723 46
724 48
725 50
726 52
727 54
728 56
729 58
730 60
731 62
732 64
733 66
734 68
735 70
736 72
737 74
738 76
739 78
740 80
741 82
742 84
743 86
744 88
745 90
746 92
747 94
748 96
749 98
750 100
751 2
752 4
753 6
754 8
755 10
756 12
757 14
758 16
759 18
760 20
761 22
762 24
763 26
764 28
765 30
766 32
767 34
768 36
769 38
770 40
771 42
772 44
773 46
774 48
775 50
776 52
777 54
778 56
779 58
780 60
781 62
782 64
783 66
784 68
785 70
786 72
787 74
788 76
789 78
790 80
791 82
792 84
793 86
794 88
795 90
796 92
797 94
798 96
799 98
800 100
801 2
802 4
803 6
804 8
805 10
806 12
807 14
808 16
809 18
810 20
811 22
812 24
813 26
814 28
815 30
816 32
817 34
818 36
819 38
820 40
821 42
822 44
823 46
824 48
825 50
826 52
827 54
828 56
829 58
830 60
831 62
832 64
833 66
834 68
835 70
836 72
837 74
838 76
839 78
840 80
841 82
842 84
843 86
844 88
845 90
846 92
847 94
848 96
849 98
850 100
851 2
852 4
853 6
854 8
855 10
856 12
857 14
858 16
859 18
860 20
861 22
862 24
863 26
864 28
865 30
866 32
867 34
868 36
869 38
870 40
871 42
872 44
873 46
874 48
875 50
876 52
877 54
878 56
879 58
880 60
881 62
882 64
883 66
884 68
885 70
886 72
887 74
888 76
889 78
890 80
891 82
892 84
893 86
894 88
895 90
896 92
897 94
898 96
899 98
900 100
901 2
902 4
903 6
904 8
905 10
906 12
907 14
908 16
909 18
910 20
911 22
912 24
913 26
914 28
915 30
916 32
917 34
918 36
919 38
920 40
921 42
922 44
923 46
924 48
925 50
926 52
927 54
928 56
929 58
930 60
931 62
932 64
933 66
934 68
935 70
936 72
937 74
938 76
939 78
940 80
941 82
942 84
943 86
944 88
945 90
946 92
947 94
948 96
949 98
950 100
951 2
952 4
953 6
954 8
955 10
956 12
957 14
958 16
959 18
960 20
961 22
962 24
963 26
964 28
965 30
966 32
967 34
968 36
969 38
970 40
971 42
972 44
973 46
974 48
975 50
976 52
977 54
978 56
979 58
980 60
981 62
982 64
983 66
984 68
985 70
986 72
987 74
988 76
989 78
990 80
991 82
992 84
993 86
994 88
995 90
996 92
997 94
998 96
999 98
1000 100
