100
1 1
2 2
3 8
4 20
5 46
6 60
7 3749999998
8 3749999999
9 3750000000
10 3750000001
11 281474976710656
12 281474976710655
13 281474976710654
14 281474976710653
15 281474976710652
16 281474976710651
17 281474976710650
18 281474976710649
19 281474976710648
20 281474976710647
21 281474976710646
22 281474976710645
23 281474976710644
24 281474976710643
25 281474976710642
26 281474976710641
27 281474976710640
28 281474976710639
29 281474976710638
30 281474976710637
31 281474976710636
32 281474976710635
33 281474976710634
34 281474976710633
35 281474976710632
36 281474976710631
37 281474976710630
38 281474976710629
39 281474976710628
40 281474976710627
41 281474976710626
42 281474976710625
43 281474976710624
44 281474976710623
45 281474976710622
46 281474976710621
47 281474976710620
48 281474976710619
49 281474976710618
50 281474976710617
51 281474976710616
52 281474976710615
53 281474976710614
54 281474976710613
55 281474976710612
56 281474976710611
57 281474976710610
58 281474976710609
59 281474976710608
60 281474976710607
61 281474976710606
62 281474976710605
63 281474976710604
64 281474976710603
65 281474976710602
66 281474976710601
67 281474976710600
68 281474976710599
69 281474976710598
70 281474976710597
71 281474976710596
72 281474976710595
73 281474976710594
74 281474976710593
75 281474976710592
76 281474976710591
77 281474976710590
78 281474976710589
79 281474976710588
80 281474976710587
81 281474976710586
82 281474976710585
83 281474976710584
84 281474976710583
85 281474976710582
86 281474976710581
87 281474976710580
88 281474976710579
89 281474976710578
90 281474976710577
91 281474976710576
92 281474976710575
93 281474976710574
94 281474976710573
95 281474976710572
96 281474976710571
97 281474976710570
98 281474976710569
99 281474976710568
100 281474976710567
