60
1 10 0 2
2 15 1 4
3 28 3 7
4 10 7 8
5 25 4 11
6 26 0 9
7 24 8 12
8 17 16 17
9 10 0 7
10 29 14 19
11 29 24 26
12 15 10 13
13 11 3 11
14 16 9 12
15 29 14 25
16 27 14 16
17 22 20 22
18 26 22 26
19 14 2 13
20 6 2 6
21 15 8 15
22 23 20 22
23 23 5 20
24 16 15 16
25 3 0 2
26 21 17 21
27 28 16 20
28 8 1 7
29 20 13 20
30 25 20 24
31 15 2 3
32 7 6 7
33 14 7 9
34 13 9 10
35 22 20 22
36 8 7 8
37 11 6 11
38 4 2 4
39 10 9 10
40 26 12 14
41 10 8 9
42 29 26 29
43 7 2 7
44 27 1 4
45 21 10 12
46 15 14 15
47 26 25 26
48 6 1 3
49 10 2 3
50 22 21 22
51 29 26 27
52 13 11 12
53 25 20 21
54 8 4 5
55 22 8 13
56 24 3 20
57 19 6 17
58 6 2 6
59 8 7 8
60 25 16 22
