600
1 0 -1.3 3.4 0.5 1.1 2.3
2 0 0 3 0 0 4
3 3.1 0.2 4.3 0.4 0 0.8
4 2.3308 4.7666 -0.1720 1.4352 0.9338 2.8825
5 -1.9106 -7.2064 1.4390 1.9147 0.2545 -1.1857
6 -10.2378 0.8676 -1.7770 -1.8924 -3.1621 -1.4110
7 9.1987 5.1511 -1.6552 -1.9444 1.0693 -0.2511
8 3.7029 -1.5971 -2.1951 0.2352 0.4099 -0.6443
9 11.3482 7.2187 1.1540 -1.4462 3.5608 0.4688
10 6.1867 13.5041 1.7238 2.0743 2.3838 3.5876
11 10.5970 -0.5159 -0.9945 -2.1377 2.8398 -1.7541
12 -1.7031 -13.3188 2.3038 -1.2977 0.8012 -5.2258
13 2.5981 7.9884 0.4781 2.4405 1.6209 5.0800
14 8.2536 10.0810 -0.3909 0.5721 1.0758 2.0094
15 7.7966 6.3807 -0.3198 0.7835 2.7183 2.6379
16 5.7741 2.1422 -1.7457 0.9938 0.4118 1.1858
17 9.9009 4.6404 0.2334 -0.6954 4.1367 1.1480
18 4.9109 -1.0407 1.4645 0.7665 2.5097 0.1208
19 -5.2641 -9.3576 -1.0343 -0.1315 -1.7204 -1.3505
20 -3.6586 -6.8166 1.9565 -2.4896 -2.2850 -5.3693
21 2.1194 -10.9632 0.8695 0.5628 0.9162 -1.8758
22 -6.8701 2.1743 -1.7228 0.0289 -5.3395 1.8282
23 -2.1401 -4.1182 2.3163 -0.0214 -2.0518 -3.5875
24 -5.7717 -13.7067 -1.5477 -1.5994 -2.3558 -3.3060
25 -2.8054 -6.2664 -1.2097 2.4654 -2.3636 -1.6728
26 11.6858 4.5438 0.7736 1.5551 4.2012 2.1121
27 5.1417 6.3084 -0.3761 -1.8326 1.8365 0.7747
28 -7.6811 0.5960 -0.0732 -1.0118 -1.6426 -0.4747
29 3.4185 -1.3089 -1.4895 -2.2501 3.5779 -1.6378
30 0.8129 -7.5912 1.0440 0.1109 0.5340 -3.4482
31 -5.1766 10.3377 -1.9159 -1.7863 -2.2724 0.9850
32 -6.9711 0.3569 0.2870 1.6552 -1.9594 1.5563
33 -4.8348 -8.5284 -2.3274 -1.2840 -3.3022 -3.1901
34 3.3166 -6.8118 -1.1325 -1.3154 1.9848 -6.0713
35 -4.9542 -5.3068 -1.3766 -0.5416 -3.8191 -3.0822
36 -3.6548 6.3314 -1.4184 1.2112 -2.8247 5.6374
37 4.6285 7.0371 -0.5422 -1.8829 1.9762 1.2789
38 7.2361 4.5343 1.6401 -0.6686 3.3658 0.4774
39 7.3671 1.9735 1.6748 -2.3924 6.4418 0.4340
40 -0.2375 -8.1821 1.4134 -1.7199 -0.3385 -6.1245
41 10.6101 -1.5393 -0.5799 1.7845 4.5291 -0.6428
42 1.5731 -13.3611 -0.6904 -1.0144 -0.6384 -5.7115
43 5.8226 7.4022 0.5786 -2.3477 1.5279 -1.2057
44 -11.3161 -7.8275 2.0022 -2.2639 -3.3771 -3.4541
45 0.3421 4.5015 1.2750 -0.6161 1.2979 0.4945
46 3.1838 -7.9742 -1.7689 -1.4731 -0.4439 -4.1309
47 -12.2177 4.6422 -1.6076 1.5643 -3.5543 2.6133
48 -11.2254 -0.1183 1.0548 1.7190 -4.3364 1.9357
49 -13.4840 2.8958 -1.3246 2.2148 -6.4123 3.5095
50 3.0195 -3.1697 0.3410 0.8790 1.4880 -1.7773
51 0.9148 4.4298 1.3907 0.9239 1.4932 2.6151
52 5.6970 -2.8498 2.0976 -0.7383 2.9763 -1.5644
53 -14.9019 -1.0592 -2.4951 -0.5444 -3.5637 -0.3127
54 8.1348 10.2682 1.5613 1.4224 3.1419 2.7131
55 -10.2390 -7.3652 0.0335 2.1355 -4.4911 -0.4571
56 5.9692 -3.1533 1.4282 2.0595 2.0013 0.9038
57 -1.2052 -2.6737 0.7194 1.7631 -1.2315 -1.1226
58 -7.8238 0.0454 0.8383 1.5040 -1.5345 1.7104
59 -6.9373 -0.6306 0.6896 -0.6132 -1.4845 -0.0524
60 -5.0657 -4.0526 0.3428 -1.5864 -1.8977 -1.9985
61 -2.5305 -6.3057 0.2685 -1.3688 -0.8326 -2.4765
62 2.4015 -7.0044 -1.2776 -1.6774 0.9800 -6.7005
63 7.6462 1.4610 -1.1094 -1.9906 1.8155 -1.6805
64 11.5359 -3.5833 -0.2050 -0.1200 4.2206 -2.7947
65 -8.5114 10.2878 -1.8698 -1.5837 -3.1337 3.5105
66 -10.0198 1.2297 1.8954 1.9733 -0.3135 2.5160
67 -3.5477 6.5445 2.4008 -1.6053 0.7339 2.7251
68 -10.1643 1.4558 0.1423 -2.3459 -3.1181 0.0611
69 -9.1352 -3.7734 0.9860 2.4347 -2.2755 1.6067
70 -13.2707 0.9906 -2.4501 -2.0703 -3.6071 -1.2628
71 3.1587 7.5759 -0.1180 -1.8760 1.2676 -0.0692
72 5.4824 10.7913 1.1372 -1.7767 3.0953 0.7696
73 4.4038 10.4575 0.5700 2.0375 2.9448 4.6996
74 -2.8614 -3.7135 -0.9689 0.7504 -3.3553 -2.5830
75 11.7127 0.2895 -1.5643 2.4669 2.0790 0.5374
76 -13.4937 -4.6713 -0.1820 0.3182 -6.1308 0.0151
77 9.3960 -0.2049 -0.7749 0.0723 0.8383 -0.5844
78 14.9932 2.0449 1.6414 2.2833 5.4718 0.8595
79 5.0233 -3.0916 0.8041 0.9050 1.5948 -0.6555
80 8.5203 -1.0435 1.4576 -2.3061 7.3358 -2.7023
81 -3.4145 11.6152 -2.3068 0.6341 -2.0119 1.6085
82 -2.6370 6.1619 0.0202 0.1553 -0.8507 5.4182
83 -5.2577 5.4281 0.5088 -0.1614 -2.3011 4.7213
84 -4.6615 -1.2498 1.2230 -0.2270 -2.7066 0.2405
85 8.0732 2.9272 -0.3257 -1.4856 2.7131 -1.1261
86 -6.2315 8.3432 1.0008 -0.1728 0.4840 1.5073
87 -7.3574 0.6362 0.7119 -0.8708 -3.9615 1.6210
88 6.4110 4.6647 1.7062 -0.3196 3.5217 0.5086
89 -4.5656 -7.1359 0.1836 2.2539 -1.1994 1.1239
90 1.4488 5.8123 -1.6487 0.9919 -0.7563 1.5779
91 -11.6832 4.0168 0.0787 -2.3621 -3.3928 1.7663
92 -0.7991 5.1802 -1.0209 1.7030 -0.5183 2.7161
93 0.5554 -0.9971 2.2397 2.2034 0.6439 0.7195
94 -12.2887 4.2421 -1.6911 1.6018 -3.4532 3.0186
95 -1.8426 -1.6525 1.4222 0.4134 -0.2119 0.1184
96 -7.1005 3.6317 2.3308 -2.2967 -1.1041 2.3137
97 7.7831 5.7607 -1.0871 -2.4968 3.0062 -1.0560
98 6.0115 -10.0428 2.3086 0.3028 2.0244 -3.4693
99 4.4197 8.5829 1.4146 -2.3140 3.4411 0.0472
100 -5.4710 -1.0092 0.3411 -0.4797 -0.9217 0.0023
101 12.1216 5.7654 0.2677 -1.6163 5.6565 -0.8792
102 -1.5774 -8.0413 0.8175 0.5592 -0.4607 -0.8369
103 -6.2277 8.6860 2.1423 -1.6736 1.1146 2.6161
104 -8.4184 -0.1404 -1.5483 1.8878 -3.5858 2.2432
105 7.2428 -2.6270 2.2270 -2.3071 6.6567 -3.9663
106 -1.0205 6.1274 -0.3217 2.2478 0.0317 3.4675
107 -5.8306 6.8700 -2.2119 -2.0779 -2.0479 2.7332
108 8.9050 2.0590 0.6840 -2.0997 1.7918 -2.1597
109 -3.6362 0.4341 1.8934 -1.9386 -1.1580 1.0510
110 -9.7787 -1.5111 -2.1316 -0.9950 -4.3130 -0.0368
111 -1.5544 1.2677 2.2241 -0.8711 0.6655 1.1910
112 1.6923 8.7847 0.6651 1.5616 3.1669 5.8206
113 5.7290 11.1211 1.3556 -1.3934 5.3229 2.4439
114 -6.0278 2.0294 -1.9183 2.1077 -4.3814 3.1106
115 -9.7082 -6.3116 0.7894 -0.5444 -0.5116 -0.4688
116 -4.4603 0.5498 -0.3828 -0.5590 -4.1505 1.8103
117 2.4013 -8.5340 -0.4876 -2.4156 -0.3686 -6.8573
118 11.5663 -3.7091 -0.9613 -0.8345 3.6247 -4.6873
119 -0.8329 -1.5770 2.0434 -0.8650 0.1161 -0.5182
120 5.9863 -2.2323 1.4657 0.9767 3.4922 -2.3826
121 -2.1326 4.4108 -1.0530 -0.1043 -0.8060 5.2184
122 5.7637 4.3873 0.9317 -1.5864 3.3473 -0.6710
123 -8.6738 4.6547 -2.2324 -0.7592 -2.9335 1.3695
124 -7.5945 4.4212 -2.2780 -0.5515 -2.5100 0.4677
125 7.4187 -3.8331 2.3791 0.8502 4.8955 -4.4999
126 -8.4002 -4.6579 -2.0898 1.8779 -5.6725 0.8519
127 4.6023 -13.8484 2.0032 -2.2978 1.2790 -4.0992
128 -1.6119 4.9269 2.2996 -1.8416 2.2465 1.9418
129 5.9317 -8.8819 0.7298 0.0991 0.6518 -3.9148
130 -1.4659 2.2379 -0.9854 -1.7990 -0.0175 1.5222
131 8.4632 -13.9834 2.3996 -1.6215 1.9016 -7.4538
132 -10.7914 -4.4872 -1.0842 -1.1529 -3.3718 -0.5054
133 3.6464 9.6221 2.3288 2.1376 4.5199 4.6339
134 -1.1559 0.2970 1.4633 -1.5928 0.7597 -0.0374
135 -1.6819 9.3061 -0.3372 0.8435 0.9303 3.6693
136 -4.0093 3.6329 1.2397 1.8771 -0.1675 3.6228
137 -10.6911 -3.9573 0.2956 2.2874 -3.1593 2.6327
138 -9.3846 -4.3929 -2.3022 0.3878 -8.1685 -0.2611
139 -0.5493 9.3077 -1.6215 1.0412 1.0473 4.3655
140 -7.6080 0.1969 -1.5608 0.2151 -2.4000 0.8668
141 1.9385 10.4582 -2.3744 -0.4362 -0.5501 0.6257
142 -7.7032 -6.6045 0.0970 0.3881 -5.4311 -0.6132
143 1.3611 -5.2690 -0.0076 0.4659 -1.0409 -4.7173
144 -0.4622 8.5189 1.2860 1.7456 2.4656 7.4816
145 14.1428 4.2074 2.0120 0.3327 5.8510 -0.9814
146 -4.7642 10.2296 -0.2392 2.2790 0.1001 4.5108
147 -9.3718 -1.7435 1.2326 -0.9759 -2.5789 1.3161
148 4.4261 -5.4718 1.4708 1.9436 0.6857 -1.2495
149 -6.7471 -0.8339 -0.0645 -0.8331 -4.6965 1.6469
150 4.1570 8.3697 -1.7261 -2.1094 1.3512 -0.8725
151 2.2091 -5.9294 -1.2495 -0.7658 -1.4034 -2.1906
152 3.9736 12.7679 -0.7086 1.4427 2.8002 3.4092
153 1.9304 9.3497 2.0549 0.8033 3.1202 2.0514
154 -8.4992 0.2421 -1.1465 -0.8050 -3.4694 1.4865
155 6.6553 1.2235 -1.7349 1.9209 2.0253 -1.0946
156 6.8766 -4.2207 2.3637 0.5233 3.2298 -3.7714
157 -7.8349 -2.1820 -0.5766 -0.3877 -5.9622 1.2309
158 -0.0028 -6.7933 0.7890 0.6121 -2.5595 -3.8199
159 2.5565 6.0790 -1.0108 1.0589 0.8602 1.5310
160 -1.1523 -4.4402 0.5136 0.0602 -0.4707 -0.4463
161 1.3971 4.2475 -2.4290 0.4823 2.5871 2.1341
162 -2.2662 7.2139 -1.4227 2.2267 -0.1663 4.7665
163 9.7547 -2.0192 1.6215 -2.0755 3.4494 -3.6875
164 -9.4032 -7.7212 -0.4901 0.9530 -2.9876 0.9523
165 3.9758 -5.1962 -2.0241 -2.4747 -0.0405 -5.9223
166 -2.9552 5.8656 -0.3359 2.1933 -1.1929 6.9415
167 -1.5570 15.0843 0.6826 2.2093 3.1298 6.1574
168 5.9143 11.4701 -1.2111 1.5761 0.4733 1.7999
169 9.5975 -7.7370 -1.0383 -0.4867 0.4080 -5.8211
170 -5.0297 -4.0742 2.1924 -0.8876 -3.6951 0.1067
171 11.0922 -5.9801 -0.5198 0.2529 1.5702 -5.1907
172 0.0908 9.0833 0.8293 0.2761 3.7366 4.8755
173 7.5197 4.5357 0.5491 -1.5526 3.1176 -1.7257
174 7.1464 -8.4821 1.6684 -2.3408 1.5296 -4.6705
175 -6.3830 2.5902 -1.5196 -1.9481 -2.9054 3.4513
176 6.8535 1.3697 2.3350 2.4515 5.1178 -0.4072
177 -3.9871 2.6296 0.2937 0.1693 -1.0266 3.2406
178 -11.9578 0.7525 -2.0505 -1.7563 -4.7226 2.2290
179 9.8264 4.8938 0.3700 -0.8003 3.7211 -1.6829
180 -10.1728 -5.8581 -0.1193 -0.7598 -5.5333 0.6833
181 -2.2407 5.9449 -0.3587 -1.5809 1.5983 2.3711
182 -6.0040 4.3480 1.4615 -1.0127 1.0170 2.0556
183 9.8550 -0.6061 -2.4124 0.4144 0.9204 -3.4570
184 -4.9104 4.9639 0.1754 2.3538 -0.1225 3.5921
185 3.6002 -3.3940 -2.1666 1.2474 -1.2558 -3.3232
186 9.3870 -1.7260 0.0480 0.7937 1.2592 -1.6441
187 4.1138 -0.0214 0.6100 -0.1896 2.9647 -1.7390
188 -2.1297 -6.9298 -2.3978 2.0820 -4.5776 -0.0211
189 -3.8455 9.3872 -2.1094 1.1863 -0.3290 3.7021
190 -7.9134 -0.0375 0.3645 -1.2030 -2.1883 2.1028
191 6.3852 -5.5582 -2.2327 0.5725 -1.4464 -4.2918
192 1.8235 -3.1262 -0.8094 -1.9957 -0.1851 -3.4499
193 -3.5902 -14.2073 1.7088 -1.9122 -3.5243 -3.7672
194 6.3146 -3.7695 0.2166 0.9698 0.2172 -0.7465
195 -5.6154 -6.1957 -0.1226 0.1827 -5.1828 -0.3750
196 1.5963 -5.8230 -0.3262 -0.5622 -1.1561 -1.9425
197 -6.3811 -2.7702 -1.2027 1.0330 -4.4338 1.5774
198 -1.1368 -1.9196 0.7536 2.1672 -3.7620 -1.7805
199 -4.0186 5.8376 0.4710 -2.1356 1.8656 3.2064
200 -4.5394 9.6204 1.7943 0.1511 3.0804 5.4324
201 12.5399 -5.1266 0.6924 -1.7804 1.7664 -4.6183
202 5.6378 -5.9036 -0.0790 -0.6056 -0.2696 -3.3310
203 -2.0150 -8.5930 -0.1017 0.3924 -4.7469 -2.6165
204 8.6113 -6.6513 -0.4946 -0.6211 -0.2706 -4.0152
205 -9.8997 -5.0535 0.5723 1.2373 -1.1218 2.0615
206 12.3369 3.2579 1.0795 1.5765 2.3068 0.1884
207 0.6710 3.1929 -0.9091 -1.0708 2.7247 1.2884
208 -9.8868 -4.1514 -0.7665 -1.3342 -2.0832 -0.2299
209 2.3705 -4.0067 0.1130 -2.3709 0.2623 -3.8555
210 -4.6839 2.4640 -1.8042 -0.3919 -2.5729 3.7711
211 -1.4108 13.5179 1.2642 2.0444 4.0950 5.4300
212 6.1365 -0.9058 1.8501 1.5712 1.8972 0.5132
213 -3.7239 -8.4844 -1.8916 -1.8451 -6.0227 -4.1578
214 -2.6480 4.1923 1.5127 -0.0285 0.9823 5.4295
215 -2.8192 7.7268 2.3402 -2.4310 4.3674 1.6179
216 -2.6727 -2.2867 0.5148 0.7672 -1.1465 1.0724
217 -4.3992 -9.5547 -2.1095 -2.3453 -6.4181 -4.2964
218 8.2746 4.4511 0.1023 -2.3022 3.8168 -3.3433
219 -5.4806 1.3168 -1.6272 -1.5522 -2.1313 1.9949
220 12.9518 -3.5985 2.0430 -0.4395 3.0061 -3.7119
221 6.0429 7.3182 -1.9205 0.9248 1.8759 -0.2110
222 -0.0548 -0.5508 0.2123 1.9565 -1.2280 0.8669
223 3.9460 -3.3541 0.7560 0.2381 0.7668 -4.1545
224 5.6886 8.8174 1.9549 2.3685 3.0590 2.3172
225 2.1395 -5.7037 -1.3043 -2.4933 -1.2359 -6.1400
226 7.5012 -1.9375 0.8087 0.0518 1.8262 -2.9819
227 4.8383 -3.0257 2.4959 0.4180 1.9194 -3.2351
228 2.4922 7.9562 0.8638 1.1828 4.6284 2.9204
229 14.4405 -0.1932 2.1628 1.8020 4.7626 -3.6012
230 7.8799 -11.1117 0.2210 -1.8895 -1.3357 -7.4349
231 6.8529 8.6513 1.3293 2.1562 3.6286 1.6842
232 -4.7080 5.5477 2.3564 -2.4503 3.6425 2.8752
233 -4.1497 2.2376 1.2358 2.4118 -2.0228 5.5739
234 5.7702 -5.1594 0.2990 -0.7618 0.7154 -6.4703
235 1.2267 3.4018 -2.0311 -2.2989 0.0152 -2.3389
236 3.6818 -2.9306 0.0257 2.0999 -1.1050 -1.3509
237 -1.3557 6.3773 -1.6153 2.1142 1.6458 6.1240
238 8.8236 11.4767 1.9844 2.4292 6.2264 1.8696
239 6.2473 -2.1158 0.2575 -0.9538 1.1300 -3.3986
240 -2.6434 -7.9028 -1.1912 1.1566 -4.4391 -0.0179
241 0.9417 0.1096 -1.3363 2.3816 -1.3359 -0.6459
242 -11.1938 -0.5811 -1.2957 -1.9914 -2.1433 0.6729
243 -3.1629 11.3981 1.5092 1.0257 2.2249 1.7283
244 7.6221 -2.8172 -1.7116 2.4583 -1.8521 -1.3915
245 0.9085 -6.1799 0.5969 -1.1558 -1.7626 -2.9379
246 1.6736 3.7969 1.4953 -2.1101 2.7875 -1.5971
247 2.1748 -6.5608 -1.1755 -0.5016 -2.0503 -1.5856
248 -9.3226 8.3366 -1.8861 -0.4791 -0.4546 2.5077
249 13.8628 0.0426 2.1152 1.6092 3.1563 -1.8354
250 1.6241 6.0101 2.2597 1.4274 4.4135 3.2897
251 0.1135 3.0047 -0.3443 -0.2226 1.5618 0.6889
252 -10.9731 0.6730 -1.8037 1.6757 -2.4485 3.0089
253 -5.0776 2.7503 1.0710 1.8368 0.1365 4.5258
254 0.5182 -4.6533 -0.9359 0.1450 -2.0471 -0.7664
255 -3.4522 -10.5312 2.4045 -2.0424 -1.4790 -1.3781
256 0.9681 -4.5642 -1.1630 -0.6895 -2.4900 -2.9265
257 3.9596 9.5527 2.3665 -1.5136 6.9383 -0.0759
258 3.2269 6.9608 -0.1141 2.1254 3.5354 1.8899
259 2.8133 -3.2669 -0.6637 0.3014 -0.4783 -5.4955
260 2.1031 1.1514 -1.5580 1.3502 1.1817 -1.6542
261 3.8091 4.7568 1.2222 1.6307 6.7786 3.3571
262 -3.0902 3.0414 -1.2878 -0.6637 -0.1725 4.6458
263 2.3667 -4.1198 -2.4106 -1.6627 -2.5899 -3.5567
264 8.6164 -0.2382 -1.0176 -0.4991 1.9703 -5.5721
265 -12.0170 5.6890 -0.3787 1.2506 -0.5274 6.2464
266 7.1909 -3.1128 0.3980 -1.3212 0.7488 -4.0625
267 10.8850 -7.3935 1.5597 -0.1731 0.8950 -1.7342
268 -0.9222 -5.0381 1.8542 1.2963 -2.4811 0.9410
269 -9.0939 -1.3249 0.4575 -2.0848 0.2090 -0.6445
270 -6.0726 -1.7501 -1.8075 0.0376 -6.9156 2.0674
271 9.7915 -2.9914 2.4454 -1.7422 2.6000 -3.2916
272 2.7122 -3.7017 -0.7055 1.4726 -2.7032 -3.7984
273 6.1944 -10.9375 1.4206 -0.7482 -1.3811 -3.4296
274 -6.2274 -4.7653 0.3353 2.1136 -5.4037 3.8612
275 -7.4726 4.6399 -1.7697 1.0180 -1.4102 5.6070
276 0.0384 -6.9495 -0.9886 -1.2957 -3.2928 -2.7208
277 2.9410 -12.5893 -1.8521 -1.3867 -5.3631 -4.5318
278 2.6884 3.6116 -0.3669 -0.6787 2.0803 -1.3051
279 9.3395 5.7577 -0.1110 -1.0913 1.8271 -2.7632
280 0.0532 -5.8957 2.1829 2.2343 0.9688 2.3154
281 1.3012 -4.5245 -1.3231 -0.1505 -3.3364 -4.0875
282 -4.0575 -4.5915 2.4197 0.5334 -1.1361 2.6736
283 2.5976 -4.1246 2.0914 2.1503 1.0624 1.8690
284 -0.5852 2.0525 2.4802 0.4258 2.4529 3.1487
285 -1.6716 8.2676 -1.2742 -0.4122 1.7810 0.6101
286 5.4771 0.5319 0.8076 -2.0511 2.0853 -3.3829
287 -4.1005 7.3867 -0.8068 0.5389 1.0076 2.0164
288 4.6623 4.8576 1.2738 0.7707 2.1651 0.2605
289 4.2552 -2.2298 -0.1641 0.9303 -0.2096 -4.6894
290 8.4044 0.1751 -0.3626 1.8742 -0.2865 -0.8675
291 0.4985 7.1530 -0.2102 -2.0895 1.3780 -1.9791
292 -5.0606 1.4434 1.6777 -1.6163 1.8583 3.2426
293 5.6844 -3.7285 -0.0921 -0.0268 -0.7390 -5.3200
294 -1.0419 7.1552 2.0293 -0.3118 3.7956 0.8062
295 -2.3481 -10.5136 0.6153 -1.4325 -0.4796 -1.1904
296 -1.3232 -4.8230 1.5858 -2.4858 -0.8520 -1.2087
297 -4.2876 7.8282 -1.8400 -0.9462 2.8434 2.4160
298 6.6341 -1.8213 -0.0542 -0.2168 0.7163 -5.1087
299 -4.0602 -1.3606 -1.9311 0.8236 -5.3630 1.3398
300 6.9614 -2.7206 -1.6388 -1.8925 -1.2769 -5.1797
301 -6.8644 -5.9779 -0.9571 -1.8663 -3.8033 0.5050
302 7.3152 7.0094 -1.3301 -1.2460 0.3105 -2.6700
303 -0.0757 2.7162 -1.8493 0.3248 0.6671 -0.1733
304 8.5561 -4.8370 0.3304 1.9444 -0.6746 0.5234
305 6.4225 -6.0437 2.1397 -1.7782 1.2702 -2.8488
306 4.7606 -11.5997 1.6058 -2.3776 -0.7735 -3.5184
307 0.8541 1.1471 -1.9159 -1.6978 2.2080 -2.6755
308 -5.3682 -3.2775 -2.2592 0.3938 -8.1318 0.8241
309 -5.6410 -2.5163 -2.4159 -1.7553 -6.1229 0.8773
310 1.9405 -8.8605 -0.6938 0.3753 -2.0053 -0.0453
311 -3.3543 6.2860 0.4124 2.4129 2.1831 7.1328
312 -1.1543 4.2627 -1.6621 -1.6920 0.8398 -1.5002
313 -10.9537 -4.6797 -0.9721 -0.7282 -1.6647 0.8915
314 6.1520 -1.3894 -0.8616 0.5979 -0.5843 -4.9024
315 -2.1879 5.5810 -2.1558 0.3234 2.8446 3.1790
316 4.3034 -2.0626 0.2172 1.0905 -0.8493 -0.7801
317 -3.6152 -2.4963 -1.3127 2.4991 -3.6971 3.1869
318 -7.4990 4.0494 -0.5128 -0.5142 0.7382 1.7518
319 -2.3670 -6.7733 -0.3655 -1.3041 -3.8552 -0.8435
320 -6.9571 -7.9444 2.1081 -0.5305 -0.1605 1.9645
321 -1.6882 9.6063 1.5013 -0.1017 5.2980 1.6172
322 -10.9812 -3.2741 -0.0924 1.0133 -1.4693 4.1142
323 -2.7801 3.5137 -2.2217 -2.2711 1.4920 -0.9919
324 -4.4327 -2.4728 -1.2545 -0.9921 -5.1530 1.3707
325 2.7791 2.8819 -2.0671 -1.0597 -1.4433 -1.8845
326 4.4451 -13.8877 1.1302 -2.4583 -2.3274 -3.5716
327 9.8136 0.6629 -1.1987 -1.0875 -0.9419 -3.1667
328 8.1423 2.5529 1.4860 -1.1186 4.0164 -4.4631
329 0.0426 -9.9158 2.4440 0.2958 -2.1114 0.9854
330 6.3696 -7.8942 1.3263 1.6490 -0.1997 0.9692
331 -10.1965 -4.7266 -0.5731 1.1514 -2.7572 4.5139
332 -2.4936 11.9200 1.8237 1.9536 4.4080 2.9905
333 -1.0519 -5.8014 2.1742 -0.0803 -1.2921 1.3349
334 -6.5002 2.9541 -2.4608 2.4612 -2.3349 4.2105
335 0.0594 2.7442 1.9012 -2.0857 3.8601 -1.2611
336 2.1974 2.2196 -2.0370 0.6834 -1.1045 -1.3852
337 -0.3214 7.2420 -2.1417 -0.5708 2.0861 -1.1847
338 -4.2269 3.8748 -1.3113 2.2661 -1.7683 7.0352
339 4.1444 5.9047 2.2583 0.5648 3.7267 -0.0424
340 12.6459 -2.6421 2.1051 0.8921 1.5741 -0.1595
341 -4.5540 7.3365 1.5092 1.1769 5.0980 5.8659
342 1.3320 0.7534 -0.9489 1.6925 -1.3693 0.5558
343 3.1418 -5.8470 2.3053 0.5291 1.2990 0.5338
344 4.4367 7.5957 -1.3980 -2.0761 -0.3858 -2.9328
345 4.8638 2.0094 -2.0994 1.9282 -2.2565 0.3499
346 5.2159 3.0883 -1.3719 -0.7652 0.0134 -3.3583
347 -3.8701 2.0404 -1.3900 0.4600 -1.2173 4.6135
348 9.9835 -1.6343 0.6378 2.2307 -1.1270 -1.7112
349 -11.5336 4.8037 -0.6205 1.5484 0.2188 3.2825
350 0.3563 -6.1753 -0.6967 -1.5957 -4.3787 -3.1671
351 -1.5169 4.3671 -0.7284 2.0491 0.7182 2.6412
352 -9.8084 3.7542 0.5894 -1.0907 2.4694 2.0448
353 -0.2474 4.0471 1.0405 0.6063 4.4748 4.0739
354 7.0757 -4.2353 -1.8020 -1.7108 -2.5968 -3.3525
355 2.2305 -1.8168 1.7553 0.6465 -0.9708 -1.2413
356 6.6024 -7.7882 1.7271 -1.7708 -2.3981 -5.7189
357 3.4944 -1.7028 0.7917 -1.7010 1.9189 -4.8289
358 -0.5745 5.0157 2.1297 0.8032 5.0972 3.0289
359 0.6926 7.8184 -2.4261 -0.6559 -0.6480 -1.7171
360 0.0543 -1.2153 1.4090 1.6746 -3.8567 0.6445
361 6.0119 1.7049 1.3462 -0.3939 4.9117 -4.8351
362 5.7101 -1.5809 -0.4203 0.4055 -1.5262 -5.0647
363 -0.1979 -6.5844 2.0947 -2.3233 -0.1316 -0.9570
364 -1.6970 5.6891 -1.5761 0.5358 2.9751 1.1709
365 4.3016 0.4470 -1.3340 -1.9214 -0.7503 -4.1804
366 1.7518 -1.5767 -0.9211 -0.4266 -1.7108 -2.7666
367 -4.3705 -7.9328 0.2558 -2.3999 -0.9110 -0.9020
368 -1.9372 5.3096 -0.3558 1.5825 3.4452 4.4448
369 7.2194 -2.7314 -1.1048 -1.8316 -1.9115 -4.4135
370 2.5049 8.4383 0.4134 0.8062 2.9433 -0.4244
371 3.5923 10.6074 1.4718 1.8988 7.2343 0.2516
372 -5.0016 -2.4499 -1.3617 1.8458 -6.3778 4.9521
373 -2.1749 -10.0454 -1.6919 -1.4950 -2.7599 -1.0897
374 3.9650 -11.3587 -2.4397 -1.5550 -3.4856 -1.8197
375 -2.7991 -6.2291 -0.4908 -2.3172 -2.7482 -0.6931
376 10.2177 6.3005 1.4042 2.0454 2.3468 -1.6727
377 4.2312 9.8006 -1.6914 0.0266 -0.8855 -0.9539
378 -3.6000 6.8145 -0.2430 1.0887 4.6687 4.0803
379 9.1574 1.8070 0.6153 0.1299 0.4156 -1.7489
380 0.6491 -5.6516 1.8777 0.6881 -1.2093 1.8488
381 -6.5576 -3.7085 0.0076 0.3700 -0.4290 2.0775
382 -3.6072 -11.4094 -0.3874 -2.1158 -2.1519 -0.7851
383 1.7711 3.5754 0.6787 -0.8750 6.3783 -1.1989
384 -0.0875 9.1854 2.3730 -1.6264 5.2924 -1.8654
385 0.7982 9.3878 0.4125 -1.5733 3.8424 -2.6962
386 5.5665 -3.9792 -0.3338 -0.5206 -2.1485 -2.2903
387 -0.3338 -3.5846 -0.2946 -1.0408 -3.2048 -1.2995
388 1.1562 1.9164 1.6099 -0.6651 4.8836 3.6327
389 -4.1444 -10.4737 -0.2401 0.4720 -1.3606 1.4874
390 2.6428 -0.9998 1.2983 1.9104 -0.4188 1.5184
391 7.2465 6.5167 -0.6100 -1.2597 0.9160 -4.3563
392 -2.4728 -7.1654 0.4864 -0.2523 -2.2267 1.8798
393 11.2397 -3.5684 2.0215 1.7715 -1.2972 -1.4230
394 10.3014 -7.2260 2.4028 -0.7868 0.1277 -2.0992
395 1.2980 2.6548 2.0647 -1.3275 3.2818 -1.5219
396 -6.6255 -2.5198 -1.7486 -0.1630 -3.6742 4.5409
397 -11.8558 -1.0298 -1.8855 0.0730 -1.0587 4.1211
398 4.0549 -0.2755 -2.2765 -1.9636 -2.3219 -5.2933
399 9.5996 6.4481 1.8045 -0.1380 3.0973 -3.6084
400 0.0542 3.2252 -0.7669 -0.6845 2.8477 -1.7696
401 6.9830 6.2509 -1.1500 -0.1102 -0.2401 -3.2107
402 4.2292 0.1350 -1.7343 0.0361 -2.2901 -5.2799
403 1.4538 2.4354 0.9748 -2.1966 5.3274 -3.0920
404 -5.5556 6.6013 -2.2186 -1.8170 -0.3171 -1.9356
405 -3.3299 -5.5697 2.1474 -1.0197 1.7721 0.4539
406 2.4647 -9.0017 -1.3173 0.3365 -7.1007 -0.2057
407 -8.6815 4.0353 -2.0029 2.2053 -0.3094 4.4934
408 2.7227 7.6055 1.5794 2.4165 4.4116 0.8478
409 1.9758 -2.6425 1.5475 0.9320 -3.0028 0.3153
410 7.9942 5.2343 -0.9501 -2.1646 -0.6699 -3.6637
411 -1.0755 -7.7663 -0.3817 -1.6913 -2.3174 -0.5678
412 -3.4541 3.7714 0.9791 1.5864 2.9136 3.4705
413 -1.5602 -0.8573 0.5583 0.2541 0.4485 1.3507
414 -4.4627 -1.7362 -0.0719 0.6370 -1.1423 4.6044
415 -6.3751 8.6021 -1.5384 2.3566 3.4776 4.2255
416 -2.4686 1.8121 -0.4794 -2.0729 3.6067 -0.8179
417 0.0473 -4.1595 -0.1420 -1.1119 -2.7123 -0.6559
418 12.0669 4.9758 2.1257 2.3929 1.4150 -0.8346
419 1.9242 3.9193 -0.8557 1.3697 0.9521 -1.7051
420 -7.4206 -4.9321 -1.7126 -1.1064 -3.2351 3.9220
421 7.1322 4.2731 1.8944 0.5389 2.8130 -3.1593
422 0.4930 5.0595 0.0632 -2.1678 2.6826 -3.6491
423 -4.6343 3.3381 -1.2617 -0.1142 2.1297 1.5978
424 -0.5116 8.1226 -0.7429 -2.2644 1.5230 -3.6660
425 -6.8778 7.9336 -0.0945 1.7343 3.0443 2.8290
426 -6.0706 -8.8712 0.1481 -1.7366 -0.4413 0.2088
427 -0.5733 -4.2581 -0.1395 -1.1825 -4.5490 -0.3821
428 8.7507 -4.2103 0.3014 -0.8792 -3.3954 -4.4254
429 1.6011 11.3008 0.8967 1.0211 3.0889 -0.5635
430 -10.9483 1.5298 -1.9356 0.3268 0.4613 3.6850
431 -0.6389 3.5774 2.1686 -0.9144 6.5655 0.1005
432 -2.1326 -6.5256 1.9943 -0.6617 -1.3839 4.1933
433 -8.9451 1.5438 -0.3959 0.2001 1.9597 3.1962
434 9.3605 -3.0668 1.3874 -1.2196 -1.4202 -4.4841
435 -5.9618 3.3959 0.5490 0.1843 1.9413 0.9527
436 3.5977 -1.2294 -1.1187 -1.8870 -1.6423 -7.4396
437 -7.2693 1.3858 -2.0260 -0.9898 -0.1913 0.2362
438 -2.1891 -6.7651 1.4238 1.6015 0.9409 2.4916
439 10.8568 0.7542 0.7733 1.3340 -1.4795 -1.7771
440 -4.0228 8.3431 0.3692 1.5629 5.1165 1.9424
441 4.1074 -3.1978 2.1936 2.1646 0.5148 2.6228
442 -1.5697 7.0908 0.6875 -1.8175 1.7099 -2.2929
443 -0.2951 -1.1987 0.9083 0.3787 0.4639 1.4302
444 -1.5073 6.5802 -1.1094 -1.6702 4.0292 -4.0598
445 -2.8275 7.7052 1.7993 0.1472 4.7560 -0.0669
446 -7.2671 -1.2334 -0.0813 -1.0954 1.2823 0.8583
447 7.5314 0.3001 -0.7424 -1.9172 -2.1243 -6.7718
448 -2.4947 0.2576 0.5006 -1.5843 2.8890 -0.1131
449 3.3839 -8.5254 -2.1014 -2.3245 -7.5364 -3.4398
450 -3.0227 -1.9735 1.0466 1.8695 -0.6125 6.7921
451 8.8252 2.1979 2.1194 -2.0135 1.9455 -5.7387
452 2.5840 -8.9272 0.5602 1.7552 -0.6452 2.4911
453 7.9118 0.7384 0.0330 1.2353 -1.5534 -0.4854
454 3.8017 -1.7512 0.0077 0.0690 -2.7961 -1.9499
455 3.0864 5.0992 2.1387 -0.5288 6.9508 -3.8155
456 -4.9895 3.7030 -0.3346 1.0548 3.3335 3.2078
457 -3.2825 -1.2682 -1.2848 -0.4064 -4.1681 3.9679
458 2.1287 0.8905 0.8248 -0.2206 1.0302 -1.5098
459 0.2603 -2.6987 0.5370 -0.8030 -4.0886 -0.8389
460 9.1362 1.5043 2.4757 0.9327 0.1369 -3.6234
461 -2.6714 -4.4946 -1.8287 -1.3026 -6.7155 1.2753
462 -3.3751 7.2979 -0.1511 -1.5472 5.0535 -3.0956
463 -2.3417 -4.0875 -0.9994 -1.4366 -1.6036 -0.1111
464 3.4564 1.9165 -0.4009 -2.1129 0.8049 -6.7684
465 9.3996 -5.6818 1.3197 -0.1379 -2.3745 -1.0764
466 0.3514 -7.6061 1.5767 -2.1054 -1.8893 1.3548
467 2.3314 -0.3476 -0.4931 2.3534 -4.9375 0.7076
468 -0.4077 -0.1876 0.1910 -1.8738 3.0206 -1.8325
469 4.3343 -2.1089 1.5172 -2.3416 0.3761 -4.3087
470 -5.3765 8.7983 -0.0558 1.0057 2.9827 0.4790
471 3.5584 -7.4724 -2.1271 1.2129 -5.6207 1.8915
472 -2.4684 -9.3277 0.4212 -2.2084 -2.4700 2.6717
473 -5.7475 -6.7339 -1.8959 1.4018 -3.5272 5.3890
474 -0.0055 -8.0932 1.5072 -2.1316 -0.6304 0.8945
475 5.4192 -2.7182 -0.6944 -1.8721 -2.4521 -3.1865
476 -4.0757 -0.8658 0.4670 -2.3958 4.3220 0.5797
477 6.8227 7.6077 0.2796 1.6522 0.1712 -2.6206
478 -6.9163 -1.3399 -0.5898 -0.5387 2.1706 4.2105
479 1.7989 2.9923 1.7344 1.5493 6.0870 2.6930
480 -0.2952 -5.1613 0.1870 1.4666 -3.9898 5.2957
481 1.8051 2.4938 1.3375 0.6297 3.1045 -1.1272
482 8.0339 -6.6362 -0.4450 -0.2195 -2.9873 -0.3608
483 0.5327 -1.0623 0.2087 0.3245 -3.7837 -1.8426
484 1.5512 9.7946 1.1343 1.0505 4.1629 -2.3562
485 -1.8683 -0.7513 -2.2044 -2.0473 0.5904 -3.4521
486 -6.8488 -2.5662 -2.1287 -0.3475 -0.9317 4.3860
487 -3.1884 -2.1051 -1.8582 -1.9067 -1.1907 0.4085
488 3.7591 -5.0724 0.0623 0.9027 -1.3388 1.4227
489 2.5130 -0.9456 0.4492 0.6045 -3.9505 -2.0666
490 3.4040 0.7104 0.0982 -1.9848 -0.1654 -3.1884
491 -0.4055 5.4111 -1.3192 2.3024 -0.6493 0.8622
492 0.1270 1.5457 1.5819 1.0990 2.3833 6.0512
493 4.6358 2.1864 1.8777 -1.4669 2.5352 -5.3819
494 -0.2117 -3.7672 -2.0198 -1.0464 -5.5929 -0.6408
495 12.1651 -0.3995 1.9847 0.4939 0.4077 -0.4190
496 -0.9568 -6.0760 0.1247 1.9798 -0.3740 2.9805
497 4.2281 -0.2893 2.4403 -0.2047 0.7542 -3.8373
498 -2.9799 -0.5441 -1.7126 0.2659 -7.1864 1.4604
499 3.9249 8.1765 1.6926 -0.9719 3.2293 -4.5045
500 -7.7621 -5.1419 -1.1300 -2.0056 0.6446 1.7007
501 -2.6846 1.1291 -0.7133 1.6450 0.0122 6.2915
502 0.8887 2.8484 -1.4380 1.8464 -2.2954 -2.2612
503 2.6642 3.3616 1.3629 1.8918 3.6442 -2.5015
504 2.4496 -0.1988 0.7896 0.1908 -1.3349 -4.6211
505 9.7899 3.3171 0.4186 1.4767 -3.1052 -2.4742
506 4.0013 -0.0217 1.0023 -0.3370 -0.2333 -1.4833
507 4.0632 0.4496 -0.8377 -0.2488 -2.0736 -1.3406
508 -1.7699 2.6280 -0.5309 -0.6233 1.6271 -1.9090
509 -2.5304 0.2211 -1.6702 -0.9722 -1.0410 4.8569
510 -0.4900 1.2838 -1.6160 -1.3885 -0.8085 -3.9499
511 2.6726 9.2302 1.5918 1.9075 3.1357 -1.3186
512 2.8536 3.2708 -0.1397 -0.5117 -0.3368 -2.5357
513 -3.3506 -1.9264 0.2587 -1.2519 3.0644 2.7861
514 -6.9899 -8.6147 -1.5667 0.0289 -1.4788 3.0107
515 0.3727 3.2062 -0.4778 1.3049 2.1350 -2.7184
516 -2.7746 -0.3288 1.6223 -1.8078 6.2029 -0.0600
517 -10.8585 -2.4369 -0.4174 -1.2602 0.5052 -0.6496
518 7.9754 5.8373 0.5496 2.1451 -1.9424 -2.0228
519 5.5981 -1.0478 2.3305 0.2555 0.7751 0.0127
520 -2.1704 0.5150 0.2047 -0.7421 4.6588 0.7502
521 2.5287 6.8462 0.3866 0.1783 1.4144 -3.9456
522 4.8120 -1.3043 1.2898 -0.7438 -3.5268 -4.1189
523 -1.8150 -0.9073 -1.5912 2.0314 -3.1242 4.5503
524 -9.0020 -0.0082 -1.6659 -1.2727 2.3404 0.2253
525 0.3190 -5.8096 -0.2630 -1.3849 -2.3704 1.1857
526 -2.2367 -9.6069 -2.4815 -2.1002 -5.6658 2.6985
527 0.6871 -3.5810 -2.1646 0.9817 -4.8354 2.4581
528 5.7758 -3.3473 -1.9452 -0.5847 -4.4637 -0.8564
529 -3.8979 -1.5400 -0.3091 1.0748 0.4264 2.4618
530 -4.3563 -2.1672 -1.3694 0.8123 -0.5384 3.8870
531 7.7156 -6.5477 0.4815 1.3333 -0.9285 1.9718
532 5.7225 4.3304 0.9840 0.7705 -0.8091 -3.2386
533 2.0894 -5.9155 -1.4261 0.3460 -2.5158 1.1899
534 -1.9081 0.9808 1.7514 1.9519 3.4724 3.4850
535 10.5811 4.7612 0.3408 2.3270 -0.5803 1.6867
536 2.6194 -4.2902 1.9345 -1.3704 -1.7470 1.7876
537 -2.6391 4.2094 -1.4431 0.3788 1.5614 -2.4167
538 -2.5536 -2.1187 1.3223 -1.6330 5.6912 2.1490
539 -1.4839 5.5661 -0.6384 -0.1505 1.2271 -3.0074
540 1.9418 3.5379 -1.4360 1.8957 -4.2550 -2.6261
541 6.6930 -1.2730 -0.9387 -0.8103 -3.2852 -1.5748
542 2.6836 7.6324 1.9783 2.1918 3.1717 -1.6112
543 2.5195 1.2029 1.5603 2.2153 -0.6692 2.7654
544 10.3549 -3.5079 2.2075 0.6704 -0.8868 1.0241
545 -2.2161 -0.3738 -1.9723 -1.8158 3.0930 -4.4427
546 -0.6837 -3.4297 1.1206 -1.4518 1.8535 0.8438
547 -3.1342 -2.8935 0.7005 0.2551 3.1064 5.6860
548 -0.5232 -4.4197 -2.4573 -2.1265 -4.3987 -1.1179
549 -0.7095 0.8798 0.5758 -0.6994 5.5342 -1.9546
550 -5.4914 -6.6589 0.0947 -2.3593 1.0730 -0.9425
551 -3.9293 -1.3620 2.3177 -0.6330 3.6927 -0.0188
552 6.6020 -2.6524 1.2559 -1.1195 0.0543 -1.1385
553 2.1727 0.3319 2.0886 -1.1174 5.3326 -5.1265
554 2.6125 3.9772 0.3773 1.8191 -0.7326 -0.5352
555 -4.5059 -2.3807 -1.6299 -1.3122 1.2092 1.4234
556 -3.0078 3.2091 2.3529 1.2068 4.2516 1.0711
557 -9.0685 3.9461 0.2514 -0.3129 2.9960 -0.7443
558 -1.5127 0.3197 -1.3203 0.8934 -5.6493 3.0470
559 -6.0034 -0.9762 0.2998 0.0379 2.7842 1.2031
560 0.7250 -2.2873 -0.7203 -1.2259 -4.4419 -0.5804
561 3.7093 -0.9652 -1.9224 -0.0675 -6.9505 -0.8731
562 7.9998 8.5434 2.3730 1.4833 1.2593 -0.9651
563 -6.0787 -1.6053 -1.2202 1.7993 0.7683 4.1784
564 -1.2626 -0.5910 1.5049 -2.2114 4.6101 -2.9225
565 1.1467 -1.0803 2.4516 0.7940 3.2931 3.7706
566 -3.0727 -0.8105 -0.8583 -1.3183 0.2884 -1.2994
567 1.3079 -3.7630 0.9361 0.3811 -1.1320 5.3009
568 1.4287 -7.1760 0.7221 -1.2411 -0.2219 1.3938
569 7.5112 -5.2740 0.2206 1.2539 -1.1095 2.0486
570 0.5205 1.7712 2.2734 0.8131 7.2158 0.2554
571 -4.1291 1.5723 -1.6827 -0.5706 1.9645 -2.3249
572 1.9750 4.7728 -0.6742 1.6905 -2.6967 -2.4247
573 -3.0526 -7.1422 1.3670 1.7093 2.1347 4.3324
574 -1.4745 -2.2312 0.4870 0.5691 2.2424 5.4638
575 0.0412 -0.2267 1.4021 -0.5634 7.1086 0.6664
576 6.6551 -2.2232 1.3214 -1.0162 -0.8230 -0.9007
577 2.9774 1.6196 1.2915 0.2479 -1.1258 -3.1217
578 -2.5540 1.4824 -1.2886 -1.6964 1.5627 -5.8186
579 7.1846 -8.6753 -1.0842 -2.0915 -2.8681 -1.0350
580 3.5926 -5.7391 -1.6789 -1.9301 -6.7930 0.5594
581 2.1865 4.9171 1.7386 -2.0045 1.9539 -4.8949
582 -4.6313 -2.7299 -1.2854 0.7650 1.3222 4.5628
583 -1.8889 -2.1785 -2.2517 -2.2565 -4.2064 -7.4470
584 -3.8438 1.7327 0.7858 -1.6881 5.5300 -4.2228
585 7.7603 6.0151 2.3970 2.4414 0.9514 1.2347
586 -6.3898 1.5747 0.9950 1.0516 3.0218 1.1130
587 9.1064 -7.6540 1.7445 -1.0179 -0.2303 0.4513
588 -0.9846 3.3611 2.1648 -0.7929 3.1248 -1.8490
589 -4.0039 4.0761 -2.2958 0.1485 0.4479 -4.5368
590 1.7906 -1.6979 1.8364 -1.9331 5.5289 -4.5434
591 7.1968 -2.2094 0.1548 1.5797 -3.1870 3.0584
592 0.1739 1.6930 1.0949 -0.5822 1.8084 -2.0189
593 -0.6572 -4.1264 0.8877 -2.2438 3.4111 1.5582
594 2.3651 8.6515 1.9378 1.2597 1.9307 -1.1839
595 -2.2954 2.3739 -0.9745 -0.6372 -0.3288 -1.9262
596 4.8271 -1.5182 -0.6890 -1.3356 -5.2183 -1.4194
597 -3.2947 -4.1906 -0.2271 -2.3222 3.5294 0.2382
598 1.3706 -1.2005 0.5201 -1.0731 -4.7147 -0.8486
599 0.1111 -4.0875 1.3089 -2.1770 1.8252 -1.3044
600 -3.1246 9.0506 0.4254 2.0106 2.5287 -1.9595
