60
1 30 123
2 30 1
3 30 11233455677899
4 50 7
5 30 29
6 30 1233334444
7 30 237
8 30 11111111111111111111
9 30 88888888888888888888888888
10 30 88888888888888999999
11 36 11122234445556677778
12 47 111112233333444455556666677777889
13 53 1111222333344446666777788
14 43 111333334444577778999
15 50 13334455556666677777889999
16 44 1113333344455555788
17 35 11111222233344455555778889
18 60 111112223333344444566666777799
19 35 23334455555666888899
20 38 2222233333444555667777788888
21 38 13455555677888899999
22 60 22222344444577778889999
23 60 111122233344444666667999
24 51 111145557788
25 30 1111222233345566778
26 49 11123333445557788899999
27 43 1233444666679
28 57 112224444556667777888999
29 56 122334444455666677778899999
30 48 111223344444556666777789999
31 34 22222345555566777889999
32 33 11133344555556777899
33 54 12222335666788888
34 40 111112222333344445555566777
35 59 333355556667788889
36 39 12222444456679999
37 58 11111223334444555666677778889999
38 39 222233334444456666677779
39 42 111233466789
40 37 11234445566788889
41 54 111114
42 53 122223333344466667777788889999
43 46 111222233333445666667777799999
44 53 111223335556677888
45 30 111112223333444445556666699
46 48 11122222333345557777888899
47 55 11112233444445555588889999
48 46 11233455566666777788889
49 57 1222444458888999
50 30 11112333444666678889
51 30 1123334455555666677778888899
52 44 122223556
53 50 2222344455566999
54 40 134446778888
55 57 12223333344555556677777899
56 38 1111223333444555666677778888899
57 55 111112333445588889
58 50 111122244444567889999
59 55 12444456667777788888999
60 60 1111333356666889
61 37 1123333344444555666677777899
62 49 11112223334445567899
63 54 111133344445577788889
64 60 12222333334555556666777899999
65 57 11222344445566666888
66 55 111112223333455556666677899
67 47 12246666777888889999
68 32 1111133555556677888889999
69 57 1133446666677778999
70 54 11333334445888899
