100
1 6 1 3 1 3 1 3
2 6 1 3 2 2 1 3
3 12 1 2 3 2 1 6 1 2 3 2 1 6
4 20 1 2 3 2 1 6 1 2 3 2 1 6 1 3 2 2 1 3 1 2
5 10 4 1 3 2 2 2 1 6 2 1
6 10 4 1 3 2 2 1 2 6 2 1
7 8 2 2 2 1 6 1 2 2
8 8 2 1 3 1 6 1 2 2
9 19 2 1 6 2 2 2 2 2 1 8 2 2 2 2 2 1 8 2 2
10 19 2 1 6 2 2 1 3 2 1 8 2 2 2 2 2 1 8 2 2
11 20 1 6 2 2 2 2 2 2 2 2 2 2 1 13 2 1 4 2 2 2
12 20 1 6 2 2 2 2 2 2 1 3 2 2 1 13 2 1 4 2 2 2
13 11 2 2 2 2 1 8 2 1 3 2 2
14 11 2 2 2 2 1 8 2 1 2 3 2
15 11 2 1 3 2 2 2 2 2 2 1 8
16 11 2 1 3 2 2 2 2 2 1 2 8
17 16 2 2 2 2 2 1 8 1 3 2 2 2 2 2 1 8
18 16 2 2 2 2 2 1 8 1 2 3 2 2 2 2 1 8
19 11 2 2 1 8 2 1 3 2 2 2 2
20 11 2 2 1 8 2 1 3 1 3 2 2
21 15 2 2 2 1 6 2 2 2 2 2 1 8 2 1 4
22 15 3 2 2 1 6 2 2 2 2 2 1 8 2 1 3
23 20 2 2 2 2 1 10 2 2 2 2 2 2 2 2 1 10 2 2 2 2
24 20 2 2 2 2 1 10 2 2 2 2 2 2 1 3 1 10 2 2 2 2
25 15 1 10 2 1 4 2 1 4 2 2 2 2 2 2 2
26 15 1 10 2 1 4 2 1 3 3 2 2 2 2 2 2
27 16 2 2 2 1 11 1 3 2 2 1 5 2 2 2 2 2
28 16 2 2 2 1 10 2 3 2 2 1 5 2 2 2 2 2
29 15 2 2 1 7 2 2 2 2 2 2 1 8 2 2 2
30 15 2 2 1 7 2 2 2 2 2 2 1 7 3 2 2
31 18 5 2 1 4 2 2 2 2 2 2 2 2 2 1 12 2 2 1
32 18 5 2 1 4 2 2 2 2 2 2 2 2 2 1 12 1 3 1
33 12 2 2 1 5 2 1 4 2 2 2 1 6
34 12 1 3 1 5 2 1 4 2 2 2 1 6
35 13 1 4 2 2 2 2 2 2 2 1 9 2 2
36 13 1 4 2 2 2 2 2 2 1 2 9 2 2
37 16 2 2 2 2 1 10 2 2 2 2 1 6 2 2 2 2
38 16 2 2 2 2 1 10 2 2 2 2 1 6 1 3 2 2
39 20 1 6 2 2 2 2 1 7 2 2 2 2 2 2 2 1 10 2 2 2
40 20 2 6 2 2 2 2 1 7 2 2 2 2 2 2 2 1 10 2 2 1
41 7 1 4 1 3 1 3 2
42 7 1 4 1 3 1 2 3
43 5 1 2 2 1 3
44 5 1 2 1 2 3
45 18 2 2 2 1 9 2 2 2 2 2 2 1 9 1 3 2 2 2
46 18 2 2 2 1 9 2 2 1 3 2 2 1 9 1 3 2 2 2
47 5 2 1 3 1 2
48 5 2 1 2 2 2
49 18 3 2 2 2 2 2 2 2 2 2 1 12 2 2 2 1 6 1
50 18 3 2 2 2 2 2 2 1 3 2 1 12 2 2 2 1 6 1
51 8 1 4 2 1 4 1 3 2
52 8 1 4 1 2 4 1 3 2
53 11 1 7 2 1 4 1 3 2 2 2 2
54 11 1 7 2 1 3 2 3 2 2 2 2
55 16 2 2 2 1 9 2 2 2 2 2 1 7 2 2 2 2
56 16 2 2 2 1 9 2 2 2 2 2 1 6 3 2 2 2
57 17 2 2 2 2 2 2 2 2 2 2 2 2 2 1 15 1 2
58 17 3 2 2 2 2 2 2 2 2 2 2 2 2 1 15 1 1
59 14 2 2 1 6 2 2 2 2 2 2 1 8 2 2
60 14 2 1 2 6 2 2 2 2 2 2 1 8 2 2
61 5 3 1 2 2 1
62 5 3 1 1 3 1
63 14 2 2 2 2 2 2 2 2 2 2 2 1 12 1
64 14 2 2 2 2 2 2 2 2 2 2 2 1 11 2
65 9 3 2 2 2 2 1 6 2 1
66 9 3 2 2 2 2 1 5 3 1
67 8 4 2 2 1 4 2 2 1
68 8 4 2 2 1 3 3 2 1
69 16 2 2 2 2 2 1 9 2 2 2 2 2 1 7 2 2
70 16 2 2 2 2 2 1 9 2 2 2 2 2 1 7 1 3
71 20 2 2 2 1 13 2 2 2 2 2 1 7 2 2 2 2 2 2 2 2
72 20 2 2 2 1 13 2 2 2 2 2 1 7 2 2 2 2 2 2 1 3
73 11 2 2 2 2 1 9 1 2 2 2 2
74 11 2 2 2 2 1 9 1 2 2 1 3
75 16 2 2 2 1 9 2 2 2 2 2 1 7 2 2 2 2
76 16 2 2 2 1 9 2 2 2 2 2 1 7 2 1 3 2
77 12 6 1 3 2 2 2 1 6 2 2 2 1
78 12 6 1 3 1 3 2 1 6 2 2 2 1
79 9 2 2 2 2 2 2 1 7 1
80 9 1 3 2 2 2 2 1 7 1
81 5 1 2 2 1 3
82 5 1 2 1 2 3
83 6 3 1 3 1 3 1
84 6 2 2 3 1 3 1
85 17 1 5 2 2 2 2 2 1 8 2 2 2 2 1 7 2 2
86 17 1 5 2 2 2 2 2 1 7 3 2 2 2 1 7 2 2
87 20 2 1 9 2 2 2 2 2 2 2 1 10 2 1 4 2 2 2 2 2
88 20 3 1 9 2 2 2 2 2 2 2 1 10 2 1 4 2 2 2 2 1
89 18 1 3 2 2 2 2 2 2 2 2 2 2 1 13 2 2 1 5
90 18 1 3 2 2 2 1 3 2 2 2 2 2 1 13 2 2 1 5
91 6 2 2 1 4 1 2
92 6 1 3 1 4 1 2
93 11 4 2 2 2 2 2 1 7 2 2 1
94 11 3 3 2 2 2 2 1 7 2 2 1
95 12 2 2 2 2 2 2 2 1 10 1 2 2
96 12 2 2 2 1 3 2 2 1 10 1 2 2
97 15 1 6 2 2 2 1 6 2 2 2 1 6 2 2 2
98 15 2 6 2 2 2 1 6 2 2 2 1 6 2 2 1
99 20 1 5 2 1 4 2 2 2 2 2 2 2 2 2 2 2 1 14 2 2
100 14 2 2 1 7 2 2 2 2 2 1 7 2 2 2
