1000
1 44.0 0.38 272.9 0.41 345.5 0.64
2 43.5 0.80 263.6 0.81 338.2 0.83
3 45.9 0.50 279.2 0.78 348.7 0.81
4 57.4 0.45 248.0 0.60 330.2 0.49
5 72.7 0.35 241.5 0.49 326.5 0.87
6 81.7 0.50 223.7 0.84 347.1 0.62
7 70.9 0.14 241.3 0.95 336.6 0.75
8 107.4 0.54 213.1 0.96 331.9 0.99
9 40.8 0.10 278.5 0.67 346.1 1.00
10 49.0 0.98 280.7 0.49 352.1 0.58
11 73.8 0.55 232.6 0.73 347.3 0.94
12 81.6 0.50 222.3 0.03 350.6 0.89
13 101.7 0.78 215.8 0.97 335.7 0.80
14 66.7 0.97 243.4 0.95 333.2 0.62
15 46.8 0.57 293.3 0.14 355.4 0.53
16 110.2 0.83 201.9 0.55 346.6 0.52
17 101.0 0.65 214.6 0.76 337.9 0.60
18 48.4 0.41 285.6 0.48 351.7 0.70
19 76.1 0.60 240.5 0.67 324.2 0.65
20 53.7 0.72 254.3 0.45 339.1 0.91
21 37.8 0.15 276.4 0.63 340.9 0.56
22 51.4 0.77 295.7 0.58 359.0 0.65
23 121.3 0.58 219.6 0.95 311.5 0.76
24 129.2 0.92 222.5 0.90 304.2 0.97
25 62.1 0.38 251.7 0.74 351.8 0.93
26 117.5 0.88 212.6 0.93 319.1 0.95
27 45.4 0.86 255.5 0.64 330.4 0.04
28 69.9 0.41 239.7 0.26 350.2 0.88
29 97.6 0.75 215.4 0.73 341.5 0.56
30 100.8 0.32 233.3 0.89 316.6 0.80
31 54.1 0.34 276.2 0.85 357.5 0.77
32 45.3 0.73 310.0 0.91 357.9 0.56
33 85.0 0.68 220.7 0.53 348.6 0.60
34 62.9 0.38 248.1 0.86 358.6 0.97
35 40.6 0.96 290.1 0.80 349.3 0.96
36 114.1 0.11 216.4 0.95 320.6 0.59
37 72.0 0.70 235.2 0.50 346.2 0.93
38 62.9 0.38 246.9 0.74 357.2 0.55
39 93.1 0.74 208.8 0.56 355.1 0.69
40 95.2 0.55 226.9 1.00 328.3 0.69
41 48.2 0.25 293.7 0.94 355.9 0.81
42 57.8 0.19 258.2 0.78 349.3 0.71
43 57.8 0.92 256.0 0.25 349.4 0.37
44 66.3 0.81 241.1 0.46 356.6 0.76
45 97.0 0.34 226.6 0.74 326.0 0.96
46 104.5 0.67 229.1 0.88 317.9 0.97
47 90.8 0.39 224.3 0.42 337.5 0.73
48 113.3 1.00 220.1 0.63 319.1 0.96
49 44.5 0.21 287.4 0.74 350.1 0.25
50 96.7 0.75 221.2 0.63 334.0 0.65
51 55.6 0.54 255.5 0.69 343.4 0.72
52 25.1 0.63 283.3 0.92 339.4 0.44
53 45.3 0.91 258.7 0.38 334.1 0.53
54 30.9 0.81 268.4 0.38 334.7 0.41
55 83.5 0.34 227.2 0.89 340.8 0.64
56 81.8 0.95 217.3 0.82 355.0 0.91
57 86.9 0.30 234.4 0.28 326.0 0.25
58 65.9 0.98 243.2 0.59 340.8 0.75
59 114.2 0.73 208.4 0.56 329.0 0.30
60 50.8 0.82 251.1 0.53 327.7 0.88
61 40.3 0.57 286.8 0.92 348.2 0.86
62 53.1 0.92 260.8 0.67 346.0 0.09
63 97.9 0.61 213.7 0.92 342.5 0.78
64 93.1 0.76 215.7 0.62 344.0 0.28
65 76.5 0.85 229.1 0.97 348.2 0.34
66 52.4 0.94 254.7 0.46 334.9 0.77
67 27.5 0.97 283.6 0.27 339.8 0.77
68 51.3 0.42 283.9 0.99 355.1 0.75
69 63.6 0.99 246.2 0.66 352.8 0.76
70 45.5 0.81 303.0 0.66 355.9 0.18
71 109.3 0.92 225.2 0.92 318.0 0.95
72 115.8 0.45 207.2 0.73 329.0 0.88
73 90.2 0.81 216.6 0.31 346.0 0.76
74 66.5 0.54 243.2 0.80 327.3 0.58
75 92.5 0.88 229.0 0.60 328.2 0.98
76 56.6 0.74 262.0 0.06 351.6 0.87
77 62.4 0.48 248.2 0.57 338.0 0.97
78 125.4 0.15 226.3 0.84 306.9 0.98
79 40.3 0.91 293.4 0.75 349.8 0.24
80 108.6 0.82 203.8 0.11 346.7 0.67
81 49.5 0.66 290.6 0.58 355.7 0.88
82 110.7 0.35 221.7 0.81 320.1 0.82
83 51.5 0.42 257.3 0.72 340.6 0.38
84 45.1 0.87 292.0 0.72 352.8 0.77
85 113.7 0.48 208.5 0.80 330.0 0.74
86 75.8 0.75 227.6 0.90 350.9 0.97
87 102.2 0.69 224.3 0.98 324.9 0.73
88 117.3 0.45 227.3 0.66 312.1 0.93
89 37.8 0.96 290.5 0.56 348.7 0.39
90 105.7 0.63 204.3 0.55 346.6 0.44
91 72.8 0.35 232.8 0.97 348.5 0.90
92 35.3 0.21 274.7 0.82 339.3 0.97
93 93.6 0.72 216.0 0.36 343.9 0.58
94 68.4 0.76 240.1 0.60 347.0 0.72
95 41.2 0.62 260.2 0.87 333.7 0.67
96 73.1 0.82 239.5 0.95 332.2 0.68
97 83.4 0.44 225.1 0.37 343.9 0.74
98 76.9 0.22 221.9 0.55 356.9 0.65
99 114.4 0.84 222.8 0.98 315.5 0.66
100 96.7 0.75 206.6 0.68 352.9 0.71
101 39.7 0.91 275.5 0.74 342.8 0.62
102 79.8 0.85 224.2 0.64 350.6 0.28
103 44.5 0.60 272.7 0.85 345.3 0.73
104 27.9 0.69 289.2 0.98 342.1 0.66
105 96.5 0.60 232.5 0.81 320.0 0.85
106 51.7 0.65 256.3 0.17 337.3 0.79
107 89.0 0.60 227.9 0.63 332.9 0.51
108 95.9 0.75 212.4 0.86 347.2 0.90
109 106.1 0.32 207.1 0.86 342.5 0.95
110 79.6 0.45 229.5 0.89 341.8 0.31
111 86.2 0.50 227.1 0.68 336.7 0.56
112 105.9 0.34 230.6 0.86 315.2 0.64
113 59.7 0.80 249.5 0.59 337.1 0.89
114 50.0 0.50 280.7 0.63 353.8 0.59
115 81.4 0.56 229.8 0.85 339.5 0.77
116 69.8 0.50 242.1 0.58 328.1 0.81
117 82.9 0.73 229.7 0.58 338.1 0.53
118 59.1 0.82 253.4 0.87 346.9 0.93
119 102.2 1.00 208.8 0.97 345.5 0.63
120 72.8 0.55 234.3 0.30 348.2 0.89
121 90.2 0.67 218.2 0.88 345.0 0.98
122 127.0 0.65 224.7 0.23 306.5 0.67
123 118.0 0.38 225.6 0.91 311.3 0.31
124 44.3 0.49 280.3 0.63 348.0 0.43
125 104.1 0.89 210.8 0.28 344.9 0.66
126 120.2 0.87 215.9 0.75 313.8 0.96
127 25.3 0.82 290.0 0.73 341.2 0.90
128 31.8 0.89 281.0 0.97 340.5 0.81
129 47.8 0.84 256.7 0.86 335.2 0.57
130 40.8 0.52 280.9 0.74 345.9 0.92
131 102.8 0.66 219.9 0.69 328.2 0.51
132 75.3 0.83 232.5 0.85 345.9 0.85
133 56.7 0.58 261.4 0.85 352.4 0.28
134 103.1 0.38 207.2 0.57 347.7 0.34
135 64.2 0.88 245.9 0.89 355.5 0.75
136 123.7 0.87 217.6 0.89 309.1 0.60
137 104.6 0.48 225.2 0.26 321.7 0.89
138 93.5 0.70 222.6 0.86 336.2 0.93
139 111.0 0.78 224.5 0.51 317.1 0.98
140 56.8 0.17 248.9 0.55 329.4 0.39
141 54.1 0.95 258.1 0.82 343.5 0.49
142 78.9 0.63 238.6 0.99 324.8 0.44
143 54.7 0.74 277.1 0.87 356.0 0.52
144 111.4 0.93 216.3 0.46 324.9 0.84
145 68.3 0.49 242.9 0.97 333.6 0.34
146 106.5 0.87 213.0 0.53 334.6 0.48
147 99.9 0.90 227.5 0.58 322.8 0.43
148 112.8 0.49 215.2 0.98 323.5 0.92
149 45.4 0.18 256.7 0.29 331.1 0.94
150 32.5 0.52 285.9 0.48 343.1 0.40
151 43.1 0.71 263.6 0.97 337.5 0.98
152 40.1 0.95 295.0 0.80 350.5 0.87
153 82.8 0.09 233.2 0.95 334.2 0.31
154 95.0 0.92 222.0 0.46 334.6 0.79
155 61.9 0.11 248.1 0.82 342.0 0.94
156 52.5 0.95 278.4 0.34 354.3 0.61
157 103.8 0.92 202.9 0.87 352.2 0.81
158 68.1 0.86 242.0 0.91 338.4 0.39
159 127.5 0.18 226.8 0.96 305.7 0.96
160 86.5 0.22 213.4 0.43 356.5 0.55
161 31.4 0.79 274.1 0.74 337.2 0.93
162 31.3 0.74 277.0 0.85 338.3 0.98
163 99.2 0.34 209.9 0.99 348.4 0.94
164 59.7 0.86 250.2 0.83 342.9 0.83
165 55.1 0.92 254.2 0.74 340.7 0.84
166 82.4 0.81 225.2 0.89 346.0 0.98
167 105.6 0.32 208.4 0.78 342.4 0.85
168 88.8 0.91 230.2 0.72 331.2 0.96
169 63.4 0.94 247.7 0.84 353.5 0.54
170 36.5 0.08 295.9 0.10 349.4 0.41
171 58.1 0.58 255.1 0.48 346.3 0.11
172 42.5 0.95 256.2 0.38 331.9 0.26
173 52.6 0.91 250.5 0.64 328.7 0.86
174 88.0 0.97 222.7 0.96 342.2 0.50
175 56.1 0.41 256.1 0.17 343.7 0.65
176 63.0 0.80 246.7 0.26 347.7 0.80
177 86.8 0.61 234.8 0.57 324.0 0.77
178 83.2 0.92 215.1 0.48 355.2 0.84
179 32.8 0.74 292.5 0.90 346.1 0.51
180 86.6 0.86 229.6 0.76 333.5 0.77
181 82.5 0.25 230.3 0.38 337.9 0.24
182 120.2 0.72 218.5 0.49 312.1 0.50
183 100.0 0.39 207.7 0.90 348.4 0.86
184 84.9 0.94 225.8 0.36 341.5 0.54
185 92.7 0.69 231.2 0.21 322.5 0.98
186 44.7 0.93 308.3 0.82 357.1 0.83
187 50.7 0.96 283.2 0.57 355.1 0.39
188 37.2 0.57 265.0 0.09 333.9 0.50
189 86.4 0.64 234.6 0.81 325.9 0.94
190 106.8 0.91 232.0 0.87 315.5 0.51
191 62.8 0.73 250.4 0.57 355.5 0.74
192 26.8 0.86 275.6 0.51 335.9 0.65
193 51.7 0.90 267.1 0.50 348.5 0.60
194 120.3 0.56 213.0 0.97 316.2 0.72
195 61.6 0.71 254.0 1.00 357.1 0.43
196 71.7 0.74 241.2 0.91 330.1 0.85
197 64.7 0.83 245.0 0.98 336.4 0.78
198 92.7 0.93 217.5 0.48 342.1 0.79
199 57.0 0.77 252.4 0.60 341.4 0.56
200 93.5 0.81 217.0 0.84 343.4 0.93
201 92.7 0.69 223.5 0.92 335.8 0.70
202 49.0 0.93 295.9 0.61 356.6 0.57
203 42.5 0.34 302.0 0.85 353.6 0.65
204 75.4 0.90 238.9 0.46 334.6 0.88
205 59.8 0.37 258.4 0.80 355.9 0.65
206 64.0 0.23 245.9 0.32 351.3 0.64
207 111.7 0.91 200.2 0.70 347.6 0.89
208 52.8 0.54 280.0 1.00 356.1 0.99
209 43.7 0.81 306.9 0.82 355.8 0.90
210 75.2 0.43 230.3 0.70 348.6 0.94
211 33.3 0.42 277.0 0.85 339.4 0.44
212 86.3 0.63 212.7 0.94 355.3 0.44
213 46.3 0.03 301.8 0.43 355.6 0.89
214 59.6 0.73 260.4 0.75 356.6 0.83
215 26.5 0.58 279.8 0.26 337.8 0.88
216 49.5 0.49 266.7 0.78 345.8 0.61
217 86.4 0.52 236.8 0.67 321.1 0.85
218 100.4 0.30 204.9 0.77 352.1 0.49
219 85.3 0.92 220.3 0.87 348.0 0.95
220 92.2 0.68 217.1 0.90 344.4 0.70
221 57.2 0.46 253.0 0.83 340.8 0.54
222 52.2 0.44 253.8 0.83 333.8 0.69
223 88.8 0.72 208.7 0.88 357.5 0.99
224 64.0 0.54 246.3 0.95 348.7 0.66
225 80.7 0.83 237.7 0.66 325.7 0.91
226 59.1 0.64 248.9 0.74 334.8 0.96
227 72.6 0.41 229.7 0.42 353.5 0.23
228 49.8 0.76 251.4 0.29 328.6 0.36
229 35.4 0.50 295.3 0.57 347.8 0.65
230 110.0 0.58 205.9 0.89 340.7 0.47
231 91.7 0.91 231.9 0.93 324.7 0.35
232 58.0 0.55 252.3 0.97 342.5 0.59
233 38.0 0.80 298.3 0.85 350.6 0.69
234 57.1 0.62 255.1 0.80 345.0 0.88
235 49.7 0.57 277.4 0.58 350.5 0.48
236 54.8 0.10 253.9 0.06 338.3 0.62
237 34.0 0.29 280.6 0.68 342.4 0.78
238 66.9 0.94 240.9 0.88 351.7 0.99
239 111.7 0.71 201.1 0.18 348.8 0.97
240 104.3 0.91 219.8 0.84 327.9 0.90
241 63.8 0.54 247.3 0.15 338.3 0.41
242 43.4 0.88 271.1 0.74 343.4 0.68
243 78.9 0.36 230.4 0.90 342.6 0.64
244 112.8 0.73 218.1 0.41 321.1 0.93
245 86.3 0.50 215.0 0.52 352.2 0.58
246 63.0 0.51 250.1 0.89 355.8 0.46
247 128.8 0.86 219.7 0.94 303.9 0.79
248 75.7 0.43 225.9 0.43 353.0 0.58
249 33.6 0.56 284.4 0.50 344.3 0.57
250 100.5 0.72 216.7 0.65 335.2 0.74
251 36.9 0.75 290.1 0.38 347.0 0.46
252 107.8 0.95 207.5 0.88 340.2 0.81
253 67.9 0.25 243.8 0.34 327.4 0.59
254 37.5 0.97 292.0 0.89 348.2 0.44
255 59.0 0.81 251.8 0.99 345.1 0.27
256 110.6 0.54 226.9 0.90 317.2 0.42
257 44.8 0.44 269.8 0.79 343.9 0.23
258 119.5 0.22 220.1 0.45 312.0 0.47
259 30.4 0.64 292.0 0.58 344.2 0.64
260 88.4 1.00 223.5 0.10 340.6 0.22
261 83.8 0.98 229.7 0.66 336.0 0.16
262 111.3 0.71 207.5 0.67 335.4 0.24
263 87.7 0.78 227.8 0.79 335.0 0.69
264 87.3 0.25 220.0 0.91 346.2 0.97
265 41.9 0.78 274.2 0.65 343.9 0.29
266 80.0 0.51 232.9 0.96 336.5 0.79
267 102.6 0.32 210.1 0.88 343.0 0.69
268 59.9 0.68 249.3 0.73 341.8 0.96
269 83.2 0.99 237.4 0.61 323.4 0.95
270 58.3 0.69 253.5 0.99 348.6 0.64
271 47.8 0.71 259.7 0.43 338.1 0.99
272 82.1 0.66 227.5 0.97 341.9 0.85
273 128.0 0.99 224.2 0.58 304.8 0.91
274 95.9 0.26 229.2 0.45 323.7 0.92
275 35.7 0.80 263.8 0.98 333.1 0.57
276 84.3 0.35 221.3 0.43 348.8 0.86
277 122.0 0.48 225.3 0.94 308.5 0.49
278 58.7 0.80 257.1 0.50 352.6 0.82
279 58.0 0.60 254.6 0.25 347.9 0.64
280 104.8 0.22 227.0 0.99 319.3 0.98
281 54.2 0.29 257.5 0.73 344.4 0.72
282 135.5 0.75 223.9 0.95 300.1 0.75
283 45.4 0.77 281.1 0.90 350.5 0.34
284 69.4 0.97 240.1 0.84 340.5 0.48
285 42.3 0.87 297.5 0.81 352.6 0.89
286 39.3 0.23 270.2 0.99 340.3 0.97
287 43.4 0.92 305.0 0.55 354.9 0.39
288 79.1 0.72 229.1 0.87 344.8 0.95
289 100.9 0.90 221.9 0.48 329.0 0.75
290 48.5 0.94 274.1 0.90 349.3 0.37
291 39.3 0.60 280.7 0.68 344.9 0.45
292 50.9 0.77 297.4 0.80 358.4 0.76
293 69.5 0.52 237.6 0.68 349.1 0.79
294 71.4 0.85 234.3 0.97 350.9 0.77
295 50.5 0.24 267.9 0.89 348.4 0.52
296 50.4 0.58 264.3 0.08 345.3 0.77
297 45.1 0.34 283.5 0.98 349.7 0.97
298 50.0 0.79 285.7 0.74 354.9 0.78
299 76.7 0.63 222.7 0.97 355.4 0.51
300 67.3 0.86 240.5 0.60 353.5 0.55
301 122.3 0.36 222.6 0.52 308.1 0.43
302 101.9 0.88 234.7 0.71 315.5 0.58
303 50.8 0.61 275.6 0.37 351.6 0.72
304 80.2 0.65 233.8 0.69 333.4 0.79
305 41.3 0.99 296.1 0.70 351.4 0.85
306 76.8 0.95 240.9 0.72 321.1 0.29
307 113.6 0.83 217.8 0.52 320.2 0.66
308 44.1 0.89 261.1 0.50 336.8 0.92
309 71.9 0.65 230.3 0.96 354.2 0.58
310 62.9 0.66 247.8 0.32 348.5 0.33
311 52.2 0.66 274.8 0.33 353.1 0.86
312 29.2 0.56 275.0 0.39 336.9 0.66
313 89.5 0.76 227.6 0.51 333.9 0.90
314 112.0 0.25 219.8 0.20 321.4 0.91
315 46.7 0.51 264.9 0.44 341.1 0.86
316 64.4 0.68 244.4 0.95 344.7 0.77
317 31.0 0.40 293.1 0.67 344.9 0.80
318 70.9 0.67 239.4 0.97 337.0 0.65
319 33.6 0.54 272.2 0.88 336.9 0.36
320 69.5 0.92 243.0 0.73 327.9 0.52
321 110.1 0.74 216.8 0.75 324.6 0.85
322 69.2 0.99 240.7 0.78 336.7 0.21
323 96.6 0.95 208.1 0.82 351.1 0.66
324 100.3 0.92 219.1 0.73 333.1 0.82
325 112.0 0.81 217.2 0.10 323.6 0.82
326 54.4 0.48 275.5 0.90 356.5 0.65
327 55.1 0.76 250.8 0.43 330.1 0.94
328 86.9 0.83 221.8 0.40 343.1 0.84
329 61.0 0.64 247.7 0.52 333.8 0.67
330 95.2 0.08 235.2 0.45 317.7 0.41
331 63.7 0.96 246.0 0.95 347.2 0.83
332 64.3 0.30 245.0 0.76 354.7 0.62
333 33.6 0.96 265.8 0.70 333.2 0.78
334 28.1 0.81 276.2 0.98 336.3 0.72
335 97.2 0.98 232.4 0.86 319.5 0.85
336 77.3 0.55 226.8 0.37 350.8 0.95
337 61.0 0.17 257.5 0.50 358.2 0.77
338 113.9 0.74 220.5 0.92 317.3 0.93
339 67.5 0.27 243.3 0.96 331.9 0.49
340 83.0 0.91 234.3 0.46 330.4 0.33
341 64.8 0.55 245.4 0.81 336.1 0.85
342 94.0 0.62 226.5 0.50 329.7 0.85
343 82.6 0.72 237.5 0.39 323.5 0.89
344 65.9 0.79 242.9 0.95 348.9 0.58
345 41.1 0.56 270.8 0.55 341.0 0.72
346 60.1 0.49 248.0 0.36 332.4 0.79
347 60.6 0.82 249.0 0.97 341.0 0.46
348 106.6 0.25 227.5 0.47 317.4 0.10
349 44.6 0.37 309.6 0.98 356.2 0.44
350 68.1 0.96 241.2 0.43 342.6 0.70
351 92.5 0.69 216.9 0.26 344.4 0.64
352 61.3 0.59 250.2 0.98 347.7 0.57
353 128.5 0.97 223.7 0.92 304.4 0.79
354 85.1 0.88 213.5 0.24 355.9 0.98
355 43.0 0.84 256.1 0.53 330.6 0.35
356 28.0 0.92 287.8 0.91 342.3 0.50
357 88.4 0.79 219.6 0.23 346.8 0.97
358 95.8 0.45 213.1 0.59 345.7 0.57
359 66.3 0.92 244.2 0.51 337.1 0.48
360 22.1 0.92 289.4 0.99 338.9 0.25
361 97.2 0.54 220.8 0.42 334.9 0.89
362 74.9 0.57 234.9 0.90 340.3 0.59
363 57.7 0.37 267.4 0.91 356.1 0.97
364 69.6 0.65 241.7 0.89 335.7 0.94
365 71.7 0.87 229.3 0.87 357.1 0.80
366 45.1 0.93 292.9 0.86 353.0 0.95
367 41.2 0.61 268.4 0.70 340.2 0.52
368 106.7 0.83 208.2 0.87 339.2 0.54
369 30.4 0.68 287.9 0.53 342.9 0.97
370 128.6 0.80 220.7 0.90 304.7 0.73
371 118.6 0.60 212.2 0.52 318.0 0.51
372 62.3 0.41 246.9 0.66 332.7 0.62
373 51.2 0.65 256.5 0.89 338.6 0.89
374 62.3 0.31 246.5 0.62 339.3 0.91
375 121.1 0.64 226.2 0.99 310.5 0.50
376 37.8 0.89 284.8 0.66 345.2 0.79
377 114.1 0.60 218.9 0.65 318.7 0.83
378 60.9 0.85 258.0 0.87 357.8 0.90
379 30.7 0.85 282.4 0.91 340.6 0.84
380 109.5 0.98 204.3 0.21 339.9 0.83
381 123.7 0.78 222.8 0.41 308.0 0.20
382 78.4 0.46 222.5 0.98 353.7 0.38
383 44.8 0.40 256.9 0.72 332.2 0.98
384 63.9 0.51 246.2 0.95 358.4 0.73
385 34.5 0.24 268.9 0.47 337.7 0.42
386 95.2 0.36 214.2 0.97 346.3 0.77
387 39.3 0.49 288.4 0.84 348.1 0.55
388 41.3 0.60 262.0 0.40 335.8 0.30
389 116.4 0.84 219.7 0.06 314.9 0.65
390 94.7 0.85 218.8 0.80 339.0 0.47
391 79.3 0.91 221.8 0.38 353.1 0.89
392 36.4 0.84 280.3 0.48 343.1 0.92
393 38.3 0.32 262.5 0.63 333.3 0.98
394 65.0 0.96 244.2 0.77 356.9 0.93
395 48.9 0.60 258.6 0.32 337.4 0.40
396 54.6 0.55 262.1 0.38 345.7 0.69
397 58.5 0.17 248.4 0.41 328.9 0.98
398 116.8 0.26 208.8 0.99 324.3 0.74
399 29.4 0.15 279.7 0.75 338.5 0.62
400 109.5 0.63 230.0 0.43 314.3 0.98
401 75.7 0.31 223.7 0.43 358.4 0.25
402 103.6 0.51 216.5 0.56 332.7 0.36
403 82.8 0.94 221.6 0.93 350.4 0.26
404 124.6 0.64 216.4 0.92 308.8 0.64
405 109.4 0.56 216.7 0.67 326.9 0.47
406 86.2 0.30 217.8 1.00 349.5 0.98
407 34.5 0.46 276.1 0.23 340.2 0.59
408 57.2 0.89 251.7 0.13 338.0 0.85
409 65.0 0.57 245.0 0.58 340.8 0.46
410 43.5 0.75 274.0 0.87 344.9 0.97
411 59.8 0.25 248.6 0.89 337.4 0.64
412 51.2 0.22 258.4 0.54 340.8 0.87
413 38.4 0.70 297.5 0.61 351.0 0.21
414 41.6 0.96 272.7 0.57 342.0 0.74
415 42.7 0.62 280.0 0.32 348.0 0.51
416 74.4 0.97 226.7 0.50 354.8 0.87
417 110.3 0.70 210.4 0.85 332.0 0.26
418 70.4 0.56 238.2 0.57 341.8 0.50
419 69.8 0.85 236.7 0.76 350.7 0.28
420 46.2 0.91 255.2 0.82 330.7 0.95
421 41.5 0.71 299.1 0.81 352.9 0.67
422 94.9 0.86 225.0 0.75 330.8 0.43
423 27.4 0.87 291.3 0.78 342.6 0.75
424 86.7 0.55 236.1 0.81 322.9 0.80
425 59.7 0.83 252.0 0.76 346.1 0.82
426 39.1 0.74 264.6 0.22 334.8 0.35
427 90.0 0.78 218.8 0.48 344.2 0.77
428 41.2 0.96 258.7 0.57 331.2 0.83
429 106.2 0.47 224.0 0.52 320.2 0.78
430 62.5 0.93 251.9 0.78 358.2 0.85
431 104.1 0.77 219.5 0.87 328.1 0.89
432 45.4 0.60 272.7 0.59 345.7 0.71
433 87.8 0.56 212.8 0.67 353.4 0.17
434 105.1 0.94 208.6 0.76 341.5 0.55
435 45.4 0.88 256.4 0.61 333.2 0.51
436 65.5 0.91 243.8 0.92 342.5 0.92
437 37.8 0.76 282.9 0.33 344.8 0.97
438 55.2 0.89 254.1 0.57 339.9 0.87
439 123.9 0.56 225.5 0.68 307.4 0.92
440 56.9 0.85 255.9 0.96 346.2 0.64
441 75.1 0.56 236.7 0.79 335.4 0.85
442 81.4 0.44 231.4 0.54 338.2 0.51
443 37.3 0.38 272.0 0.97 339.8 0.75
444 109.5 0.93 224.8 0.63 319.0 0.41
445 104.1 0.89 221.3 0.56 326.7 0.59
446 111.0 0.78 216.0 0.33 323.1 0.17
447 36.7 0.70 295.5 0.69 349.0 0.56
448 75.4 0.96 240.5 0.95 324.4 0.53
449 120.8 0.63 223.5 0.53 310.2 0.87
450 50.5 0.09 297.6 0.72 357.8 0.97
451 104.9 0.44 219.2 0.79 328.6 0.74
452 30.6 0.59 270.2 0.32 334.6 0.53
453 106.3 0.77 224.2 0.50 321.5 0.78
454 55.1 0.37 262.2 0.87 353.4 0.68
455 54.8 0.36 276.9 0.31 356.2 0.23
456 109.5 0.91 198.8 0.27 353.4 0.68
457 126.1 0.66 219.5 0.52 306.0 0.71
458 136.7 0.59 223.3 0.97 298.1 0.37
459 96.9 0.87 206.2 0.94 354.0 0.68
460 81.8 0.42 218.5 0.74 354.1 0.99
461 36.7 0.90 276.5 0.14 341.3 0.93
462 70.0 0.84 238.4 0.61 346.5 0.91
463 118.4 0.25 217.3 0.75 315.2 0.90
464 91.8 0.84 222.5 0.40 336.1 0.93
465 54.8 1.00 249.4 0.68 329.8 0.83
466 128.3 0.60 222.3 0.23 304.7 0.61
467 117.4 0.97 227.6 0.80 311.1 0.68
468 52.8 0.55 251.1 0.66 329.0 0.49
469 68.7 0.92 242.7 0.84 329.1 0.44
470 88.7 0.73 225.5 0.66 338.2 0.20
471 64.7 0.61 244.3 0.99 331.9 0.18
472 63.6 0.93 245.5 0.70 327.5 0.95
473 89.1 1.00 226.3 0.87 335.4 0.79
474 51.7 0.70 253.5 0.87 334.1 0.77
475 90.7 0.43 216.9 0.71 345.0 0.64
476 46.5 0.79 257.4 0.59 334.7 0.93
477 57.1 0.70 263.2 0.37 353.3 0.62
478 118.4 0.82 213.1 0.96 318.4 0.25
479 40.3 0.26 286.0 0.96 347.5 0.82
480 31.3 0.94 276.1 0.90 338.3 0.89
481 30.8 0.64 291.0 0.87 343.9 0.70
482 25.7 0.54 281.0 0.39 338.0 0.58
483 26.2 0.65 290.1 0.88 341.3 0.92
484 116.7 0.79 214.4 0.81 319.9 0.87
485 53.7 0.79 253.0 0.61 335.0 0.88
486 104.5 0.85 201.1 0.81 354.3 0.65
487 92.3 0.89 223.4 0.83 336.3 0.56
488 30.1 0.79 293.0 0.55 344.3 0.84
489 123.3 0.52 215.8 0.96 308.9 0.86
490 75.7 0.94 230.9 0.60 348.0 0.78
491 97.8 0.63 234.7 0.95 317.4 0.26
492 40.5 0.76 291.9 0.74 349.7 0.86
493 80.6 0.55 233.4 0.86 335.4 0.54
494 116.2 0.14 224.3 0.88 313.6 0.62
495 46.9 0.81 287.3 0.32 352.6 0.49
496 87.7 0.84 216.4 0.78 350.7 0.68
497 84.5 0.77 219.1 0.73 350.8 0.82
498 55.0 1.00 251.1 0.71 332.6 0.58
499 50.4 0.28 283.9 0.80 354.6 0.59
500 98.7 0.64 218.1 0.31 337.0 0.28
501 45.0 0.87 309.1 0.75 356.9 0.70
502 69.2 0.75 242.1 0.36 336.0 0.87
503 81.4 0.57 237.0 0.16 326.4 0.85
504 65.6 0.80 241.7 0.20 350.5 0.90
505 33.7 0.73 281.8 0.43 342.6 0.38
506 111.9 0.83 209.0 0.94 331.9 0.69
507 114.1 0.46 223.5 0.95 316.0 0.52
508 35.1 0.40 277.9 0.80 341.8 0.82
509 83.4 0.79 230.2 0.63 337.2 0.92
510 105.9 0.69 224.8 0.38 320.9 0.53
511 84.8 0.10 213.8 0.66 356.2 0.65
512 54.7 0.83 257.2 0.98 343.6 0.60
513 105.1 0.86 200.1 0.95 355.6 0.53
514 82.1 0.80 216.9 0.34 354.3 0.85
515 63.5 0.11 246.6 0.33 345.6 0.40
516 116.7 0.25 218.9 0.35 315.2 0.86
517 48.4 0.52 263.4 0.27 342.7 0.32
518 45.5 0.41 303.3 0.70 355.1 0.79
519 48.5 0.89 282.5 0.37 352.7 0.97
520 71.5 0.47 238.1 0.46 338.4 0.46
521 47.4 0.81 279.2 0.94 350.3 0.69
522 72.7 0.33 236.7 0.78 341.9 0.94
523 52.9 0.97 263.0 0.50 347.7 0.84
524 49.5 0.56 299.0 0.77 357.4 0.46
525 72.7 0.52 242.0 0.45 322.4 0.86
526 100.6 0.27 209.8 0.25 345.3 0.38
527 44.7 0.96 281.7 0.40 348.9 0.64
528 47.8 0.87 289.8 0.81 355.9 0.28
529 90.1 0.19 217.7 0.93 346.4 0.64
530 46.0 0.69 280.4 0.98 349.4 0.91
531 22.4 0.80 285.5 0.73 338.4 0.77
532 52.4 0.62 254.8 0.93 337.1 0.85
533 75.2 1.00 237.4 0.63 333.2 0.80
534 111.5 0.14 211.4 0.13 327.2 0.26
535 107.5 0.63 209.8 0.82 337.1 0.51
536 35.0 0.80 286.7 0.98 345.5 0.38
537 36.3 0.83 296.2 0.44 348.4 0.51
538 122.1 0.69 216.2 0.78 311.6 0.27
539 48.2 0.07 276.4 0.83 350.7 0.67
540 75.8 1.00 239.8 0.57 325.3 0.56
541 62.3 0.51 248.5 0.18 330.3 0.87
542 98.8 0.51 225.3 0.98 328.3 0.68
543 115.1 0.70 217.9 0.77 318.4 0.42
544 40.7 0.57 290.7 0.61 349.5 0.70
545 38.8 0.35 292.2 0.62 349.0 0.97
546 49.5 0.98 285.3 0.77 353.8 0.26
547 35.9 0.56 277.4 0.92 341.8 0.84
548 96.4 0.85 209.4 0.88 349.8 0.75
549 49.4 0.46 265.7 0.88 343.1 0.14
550 54.4 0.30 282.8 0.48 358.5 0.88
551 35.6 0.71 273.0 0.92 339.5 0.24
552 42.8 0.52 291.0 0.83 349.7 0.42
553 25.4 0.74 281.6 0.65 337.9 0.77
554 44.2 0.63 310.3 0.58 356.7 0.98
555 92.6 0.75 211.1 0.29 352.1 0.84
556 36.8 0.48 273.1 0.70 339.8 0.77
557 130.3 0.54 226.2 0.74 304.1 0.59
558 84.4 0.27 231.7 0.57 331.4 0.97
559 101.5 0.81 203.0 0.42 354.8 0.45
560 103.5 0.68 209.5 0.60 342.2 0.95
561 45.2 0.92 294.7 0.76 353.7 0.30
562 49.0 0.95 258.2 0.87 339.2 0.35
563 101.4 0.95 206.8 0.80 348.5 0.96
564 69.3 0.32 239.7 0.55 341.4 0.68
565 108.2 0.52 230.1 0.59 314.8 0.83
566 94.0 0.98 218.6 0.70 340.0 0.47
567 32.9 0.32 293.6 0.80 347.0 0.73
568 56.8 0.79 256.6 0.82 346.6 0.58
569 51.1 0.81 258.5 0.05 338.3 0.86
570 100.0 0.95 213.6 0.49 340.7 0.48
571 101.4 0.37 222.0 0.76 327.8 0.56
572 62.0 0.55 248.7 0.98 348.5 0.63
573 115.7 0.70 225.9 0.65 313.5 0.59
574 51.7 0.44 293.9 0.57 357.5 0.76
575 51.7 0.97 258.9 0.82 342.4 0.23
576 116.1 0.98 208.0 0.27 327.2 0.31
577 102.2 0.89 220.9 0.88 328.4 0.25
578 98.5 0.74 231.2 0.16 320.4 1.00
579 109.1 0.68 227.3 0.60 316.2 0.84
580 57.8 0.56 257.1 0.68 351.8 0.67
581 74.7 0.44 227.6 0.55 355.0 0.49
582 93.7 0.99 219.3 0.81 339.7 0.86
583 87.1 0.76 226.7 0.93 336.5 0.54
584 107.0 0.77 232.8 0.82 313.9 0.49
585 49.8 0.70 280.6 0.84 353.1 0.87
586 59.6 0.73 249.1 0.66 337.9 0.71
587 115.4 0.48 210.8 0.84 322.7 0.67
588 29.9 0.91 276.6 0.76 337.9 0.98
589 87.4 0.98 233.1 0.60 326.9 0.71
590 84.9 0.36 232.4 0.64 330.8 0.91
591 53.8 0.98 280.7 0.50 355.7 0.13
592 64.0 0.73 246.8 0.87 358.5 0.73
593 22.1 0.13 284.2 0.84 337.9 0.83
594 107.4 0.87 228.6 0.68 317.5 0.43
595 52.9 0.93 250.5 0.62 329.7 0.31
596 70.1 0.29 241.1 0.71 331.7 0.69
597 65.8 0.58 243.6 0.98 341.1 0.15
598 113.9 0.59 213.2 0.83 324.5 0.82
599 121.4 0.47 228.8 0.57 308.8 0.98
600 104.6 0.68 231.5 0.77 316.3 0.47
601 23.4 0.51 285.0 0.86 337.0 0.35
602 41.4 0.69 277.4 0.55 344.8 0.65
603 58.4 0.98 252.7 0.68 346.6 0.48
604 48.8 0.95 260.9 0.81 340.0 0.69
605 113.5 0.68 208.3 0.57 330.3 0.43
606 50.1 0.56 285.3 0.98 354.8 0.84
607 61.5 0.35 249.8 0.78 343.7 0.86
608 70.1 0.95 231.5 0.37 357.9 0.68
609 56.0 0.75 257.1 0.74 346.3 0.11
610 111.8 0.31 214.6 0.41 326.5 0.89
611 83.1 0.63 225.4 0.44 345.6 0.65
612 71.9 0.43 241.7 0.73 325.5 0.74
613 73.5 0.99 224.8 0.96 358.0 0.88
614 43.7 0.52 289.7 0.57 351.5 0.72
615 63.9 0.97 245.6 0.96 341.9 0.91
616 77.6 0.39 230.5 0.31 344.2 0.66
617 86.8 0.72 232.0 0.91 329.8 0.62
618 104.1 0.83 212.1 0.32 337.2 0.91
619 76.0 0.82 221.2 0.74 358.0 0.58
620 110.1 0.49 211.0 0.85 331.6 0.55
621 47.4 0.98 260.0 0.77 338.0 0.96
622 50.4 0.50 297.6 0.97 357.6 0.98
623 46.6 0.46 275.3 0.37 347.6 0.90
624 103.0 0.94 216.1 0.98 333.9 1.00
625 91.1 0.36 209.7 0.38 354.0 0.98
626 91.9 0.98 227.2 0.99 331.7 0.79
627 72.4 0.61 230.0 0.65 355.6 0.94
628 51.2 0.73 278.4 0.30 353.0 0.92
629 98.6 0.98 214.7 0.43 341.7 0.51
630 39.3 0.22 259.9 0.77 331.2 0.09
631 49.7 0.90 256.5 0.88 335.8 0.70
632 81.3 0.48 235.4 0.46 329.1 0.14
633 93.5 0.89 229.0 0.65 326.1 0.87
634 45.0 0.23 264.4 0.79 339.4 0.90
635 47.9 0.78 271.4 0.61 347.8 0.79
636 73.8 0.52 228.5 0.19 352.3 1.00
637 65.8 0.56 240.8 0.96 350.1 0.33
638 40.7 0.78 286.0 0.64 348.7 0.35
639 90.7 0.18 228.5 0.99 329.6 0.65
640 70.1 0.78 238.7 0.82 344.6 0.56
641 88.1 0.85 211.6 0.27 355.0 0.97
642 76.5 0.86 230.5 0.20 346.7 0.61
643 67.9 0.90 238.0 0.22 357.7 0.42
644 109.9 0.61 220.3 0.93 321.6 0.95
645 44.6 0.59 295.4 0.53 353.4 0.94
646 80.7 0.50 228.9 0.76 341.8 0.53
647 75.8 0.89 228.6 0.61 352.2 0.63
648 37.3 0.33 289.0 0.98 347.3 0.44
649 92.8 0.46 225.2 0.87 333.9 0.85
650 86.4 0.67 219.4 0.89 347.4 0.96
651 70.3 0.66 237.1 0.49 352.1 0.89
652 86.0 0.53 232.4 0.56 330.8 0.72
653 92.1 0.96 227.0 0.79 331.4 0.76
654 54.4 0.61 284.9 0.55 358.0 0.83
655 47.3 0.21 312.3 0.50 359.6 0.14
656 51.5 0.74 270.8 0.25 350.5 0.84
657 28.7 0.50 291.4 0.87 343.3 0.67
658 100.1 0.92 224.6 0.68 326.9 0.83
659 124.7 1.00 222.2 0.71 308.2 0.34
660 56.3 0.55 265.3 0.47 352.5 0.77
661 52.8 0.98 266.3 0.61 349.7 0.57
662 108.3 0.91 219.8 0.96 324.1 0.99
663 82.4 0.49 221.7 0.82 349.8 0.76
664 110.8 0.37 210.7 0.15 330.0 0.62
665 128.7 0.33 225.1 0.01 304.7 0.86
666 109.2 0.97 223.7 0.55 319.0 0.44
667 46.7 1.00 270.6 0.69 345.6 0.98
668 43.8 0.74 269.8 0.52 342.3 0.55
669 62.2 0.50 254.4 0.88 359.6 0.48
670 33.7 0.97 276.8 0.97 340.5 0.47
671 111.9 0.98 212.4 0.19 328.7 0.93
672 116.1 0.85 211.3 0.91 322.8 0.87
673 89.4 0.38 210.5 0.80 355.6 0.87
674 42.2 0.98 282.7 0.97 347.7 0.59
675 74.4 0.42 235.9 0.88 339.5 0.54
676 78.5 0.73 232.0 0.94 340.9 0.67
677 46.7 0.35 252.9 0.65 327.4 0.39
678 81.3 0.42 227.5 0.72 344.4 0.61
679 126.5 0.80 217.5 0.50 307.5 0.46
680 80.5 0.86 234.2 0.54 333.5 0.61
681 43.5 0.82 268.6 0.62 341.9 0.87
682 99.2 0.91 215.9 0.50 338.7 0.62
683 63.2 0.90 246.4 0.73 338.6 0.55
684 111.3 0.66 229.9 0.54 313.3 0.64
685 111.1 0.75 202.8 0.50 344.6 0.84
686 49.0 0.55 297.7 0.85 357.6 0.71
687 111.3 0.64 219.8 0.80 321.2 0.82
688 35.3 0.86 273.1 0.48 339.5 0.69
689 95.8 0.07 235.3 0.53 318.2 0.70
690 42.1 0.33 280.8 0.60 346.9 0.56
691 73.6 0.35 240.2 0.75 327.8 0.80
692 112.9 0.94 219.9 0.76 319.0 0.78
693 100.3 0.42 233.8 0.53 316.2 0.65
694 53.9 0.60 269.7 0.39 353.0 0.71
695 85.7 0.36 227.6 0.63 339.5 0.50
696 53.4 0.73 259.2 0.75 344.0 0.61
697 38.1 0.76 292.2 0.56 348.6 0.98
698 116.6 0.91 211.4 0.86 323.0 0.11
699 104.9 0.91 204.7 0.37 349.2 0.84
700 38.4 0.73 295.1 0.22 349.0 0.81
701 120.5 0.69 228.4 0.95 309.1 0.97
702 73.0 0.31 234.5 0.81 344.9 0.77
703 99.6 0.70 206.0 0.81 352.0 0.54
704 59.8 0.08 253.4 0.86 353.2 0.58
705 31.8 0.46 285.0 0.68 341.1 0.46
706 58.6 0.85 247.8 0.67 327.3 0.97
707 36.1 0.89 283.7 0.62 344.1 0.34
708 71.1 0.12 230.8 0.75 352.7 0.25
709 37.6 0.42 277.4 0.91 342.3 0.63
710 61.3 0.40 251.5 0.26 348.0 0.53
711 40.0 0.48 302.0 0.50 353.2 0.23
712 40.0 0.69 263.7 0.36 336.1 0.46
713 30.0 0.74 286.2 0.71 342.2 0.52
714 82.7 0.45 228.4 0.71 340.9 0.72
715 104.5 0.95 215.5 0.61 332.1 0.58
716 132.2 0.89 221.1 0.33 301.7 0.83
717 74.0 0.79 236.1 0.81 340.0 0.93
718 44.8 0.89 308.8 0.37 357.7 0.20
719 49.6 0.71 299.3 0.23 356.9 0.53
720 24.9 0.90 280.9 0.80 337.6 0.73
721 68.0 0.74 240.4 0.59 343.7 0.40
722 62.8 0.94 247.0 0.62 339.9 0.25
723 94.1 0.96 215.6 0.83 344.1 0.56
724 39.6 0.67 261.9 0.62 333.7 0.84
725 61.8 0.69 247.2 0.28 336.7 0.19
726 55.7 0.48 263.9 0.78 351.7 0.79
727 96.9 0.63 228.5 0.97 325.0 0.18
728 33.9 0.98 266.3 0.64 333.1 0.65
729 40.8 0.29 265.9 0.32 336.2 0.30
730 48.0 0.91 264.3 0.77 342.8 0.63
731 57.4 0.75 266.6 0.92 356.0 0.60
732 77.1 0.81 237.2 0.77 332.7 0.46
733 103.8 0.52 230.2 0.82 317.4 0.97
734 48.8 0.87 260.2 0.64 339.2 0.98
735 59.2 0.69 262.6 0.62 357.8 0.73
736 117.3 0.64 226.8 0.80 311.5 0.99
737 65.1 0.91 244.1 0.78 351.9 0.88
738 39.4 0.58 287.5 0.66 348.6 0.29
739 79.8 0.83 234.9 0.19 326.9 0.25
740 50.7 0.90 254.0 0.61 332.4 0.71
741 27.8 0.61 282.8 0.59 339.1 0.86
742 32.2 0.49 274.8 0.95 337.8 0.79
743 100.3 0.80 205.7 0.84 351.4 0.48
744 112.0 0.97 218.5 0.75 321.6 0.61
745 98.8 0.07 211.5 0.90 344.1 0.91
746 45.5 0.63 306.3 0.94 356.4 0.52
747 67.6 0.74 240.0 0.90 350.0 0.66
748 27.6 0.40 289.4 0.88 341.6 0.99
749 39.8 0.94 260.2 0.66 332.0 0.92
750 43.4 0.68 297.3 0.56 351.5 0.35
751 47.7 0.92 298.1 0.92 356.1 0.96
752 47.6 0.51 306.4 0.72 357.4 0.72
753 102.0 0.73 225.0 0.73 324.8 0.60
754 98.6 0.84 207.0 0.74 351.0 0.41
755 42.9 0.55 266.5 0.37 341.1 0.27
756 49.2 0.90 287.5 0.62 354.6 0.77
757 112.0 0.86 203.6 0.58 340.4 0.96
758 92.1 0.97 219.5 0.60 342.0 0.76
759 54.7 0.46 275.9 0.99 356.6 0.05
760 118.4 0.31 217.5 0.38 315.8 0.63
761 90.7 0.31 215.9 0.16 347.1 0.77
762 116.5 0.67 222.1 0.90 313.8 0.32
763 26.1 0.69 289.0 0.51 341.1 0.69
764 124.4 0.24 223.9 0.82 307.6 0.20
765 35.7 0.94 287.0 0.94 344.4 0.38
766 90.6 0.72 229.6 0.92 328.4 0.43
767 47.8 0.25 270.2 0.67 346.7 0.95
768 58.7 0.18 249.0 0.86 335.3 0.13
769 44.7 0.66 297.3 0.34 353.7 0.85
770 82.9 0.74 237.4 0.20 326.9 0.56
771 41.8 0.83 260.4 0.22 333.7 0.74
772 76.4 0.73 236.1 0.57 335.9 0.66
773 63.2 0.80 247.4 0.52 342.7 0.78
774 40.0 0.60 267.7 0.68 338.4 0.46
775 101.3 0.43 210.3 0.77 343.5 0.76
776 105.4 0.94 206.6 0.83 344.0 0.96
777 110.3 0.86 202.0 0.96 347.2 0.89
778 38.5 0.78 264.8 0.98 335.3 0.49
779 93.6 0.65 213.7 0.29 348.9 0.40
780 122.3 0.98 216.5 0.88 311.5 0.89
781 79.0 0.38 221.6 0.76 355.7 0.88
782 60.4 0.93 255.1 0.89 354.1 0.84
783 54.3 0.46 257.2 0.28 342.9 0.42
784 100.5 0.89 217.6 0.31 335.2 0.69
785 119.7 0.44 219.1 0.52 313.0 0.87
786 93.5 0.72 209.4 0.38 352.3 0.72
787 89.9 0.12 221.0 0.53 344.1 0.92
788 47.2 0.66 306.2 0.93 357.6 0.95
789 43.1 0.97 283.1 0.17 348.3 0.35
790 52.3 0.94 262.8 0.50 346.4 0.86
791 53.1 0.27 252.7 0.92 334.0 0.87
792 45.2 0.88 282.7 0.63 350.0 0.76
793 44.1 0.75 271.1 0.80 343.3 0.84
794 59.5 0.78 254.2 0.80 350.7 0.75
795 66.9 0.78 240.3 0.44 352.4 0.79
796 49.1 0.68 283.3 0.75 353.1 0.35
797 44.3 0.82 289.1 0.87 351.3 0.91
798 91.6 0.93 224.8 0.61 335.6 0.58
799 100.5 0.81 224.7 0.84 325.8 0.51
800 102.3 0.33 208.9 0.55 343.5 0.44
801 55.2 0.13 260.9 0.94 350.4 0.34
802 73.2 0.69 233.2 0.83 346.9 0.92
803 44.6 0.64 302.2 0.95 355.6 0.18
804 42.9 0.72 264.9 0.98 339.2 0.67
805 101.2 0.97 222.2 0.52 328.7 0.82
806 99.9 0.62 210.5 0.14 338.4 0.04
807 56.5 0.70 250.0 0.77 333.0 0.68
808 73.4 0.48 230.9 0.82 351.2 0.59
809 103.3 0.06 209.4 0.60 343.9 0.50
810 57.0 0.68 270.7 0.78 357.6 0.81
811 104.5 0.98 228.0 0.78 319.3 0.30
812 31.5 0.53 278.7 0.45 340.0 0.74
813 83.2 0.47 230.6 0.72 335.0 0.17
814 113.0 0.67 219.4 0.93 319.1 0.95
815 75.2 0.80 224.5 0.65 355.6 0.41
816 112.0 0.46 210.2 0.81 329.8 0.92
817 41.3 0.52 287.9 0.97 349.2 0.89
818 51.2 0.81 263.0 0.85 344.9 0.80
819 35.7 0.74 291.4 0.83 346.6 0.77
820 26.2 0.68 290.3 0.79 342.2 0.42
821 41.0 0.09 272.9 0.74 342.4 0.98
822 84.3 0.60 238.5 0.96 320.6 0.79
823 124.5 0.85 223.3 0.71 307.3 0.66
824 69.4 0.99 238.5 0.91 346.7 0.80
825 75.8 1.00 236.7 0.65 334.2 0.67
826 84.4 0.78 227.8 0.77 338.7 0.93
827 56.5 0.88 256.7 0.78 346.5 0.65
828 87.6 0.56 228.2 0.32 333.8 0.57
829 75.6 0.97 232.6 0.95 344.7 0.70
830 54.2 0.46 253.5 0.46 336.7 0.77
831 31.1 0.98 287.9 0.81 343.1 1.00
832 51.9 0.24 258.0 0.79 340.4 0.82
833 40.5 0.29 273.8 0.84 342.4 0.88
834 67.7 0.84 241.2 0.33 346.3 0.75
835 39.4 0.50 291.6 0.48 348.3 1.00
836 42.8 0.85 285.3 0.62 347.5 0.11
837 42.2 0.47 295.4 0.67 351.6 0.94
838 130.9 0.23 220.4 0.76 303.3 0.31
839 38.4 0.66 266.1 0.11 336.0 0.89
840 90.3 0.17 216.0 0.82 348.7 0.71
841 84.7 0.74 214.7 0.72 353.9 0.38
842 31.2 1.00 282.6 0.99 340.7 0.68
843 56.7 0.59 267.2 0.95 354.7 0.92
844 37.2 0.93 298.0 0.78 349.7 0.77
845 73.4 0.99 234.1 0.21 346.2 0.51
846 107.0 0.76 231.2 0.80 315.0 1.00
847 52.6 0.71 265.8 0.49 349.5 0.75
848 86.3 0.72 227.1 0.71 338.1 0.71
849 52.5 0.14 265.0 0.90 346.5 0.83
850 111.7 0.94 199.6 0.39 349.5 0.88
851 36.3 0.42 292.5 0.27 348.1 0.58
852 49.0 0.82 275.3 0.13 349.6 0.91
853 96.9 0.98 211.6 0.83 346.1 0.26
854 66.0 0.76 243.2 0.88 337.0 0.96
855 55.6 0.46 261.1 0.77 350.7 0.83
856 44.5 0.93 267.8 0.38 341.6 0.81
857 51.7 0.64 255.8 0.86 337.9 0.78
858 56.6 0.46 258.3 0.67 349.2 0.87
859 51.5 0.76 272.1 0.80 350.7 0.71
860 47.8 0.83 289.0 0.79 353.8 0.68
861 70.1 0.33 237.1 0.56 348.2 0.97
862 102.3 0.94 212.8 0.58 338.5 0.55
863 35.9 0.98 266.0 0.72 333.9 0.18
864 36.9 0.66 284.0 0.16 344.7 0.99
865 89.1 0.82 218.8 0.59 346.9 0.59
866 90.1 0.40 212.7 0.52 351.4 1.00
867 67.6 0.61 236.5 0.91 357.6 0.98
868 103.7 0.86 209.2 0.41 341.9 0.72
869 68.6 0.72 239.3 0.53 346.5 0.72
870 114.0 0.17 210.7 0.98 326.1 0.87
871 115.1 0.47 214.4 0.90 321.9 0.98
872 28.0 0.72 279.6 0.95 338.5 0.82
873 40.0 0.82 260.3 0.87 331.9 0.38
874 82.9 0.79 217.6 0.72 353.0 0.46
875 51.0 0.78 257.0 0.82 338.0 0.30
876 57.6 0.35 261.3 0.38 353.6 0.41
877 55.6 0.57 252.7 0.63 338.4 0.63
878 31.5 0.72 290.8 1.00 344.3 0.63
879 66.5 0.63 241.4 0.72 356.9 0.74
880 114.0 0.92 207.1 0.99 331.2 0.82
881 63.4 0.51 250.6 0.25 357.3 0.68
882 96.1 0.59 217.7 0.74 338.9 0.85
883 119.0 0.99 218.5 0.54 313.0 0.33
884 47.0 0.70 305.0 0.96 356.3 0.45
885 98.5 0.90 226.8 0.80 326.2 0.55
886 63.4 0.80 246.6 0.11 345.3 0.71
887 54.2 0.92 273.8 0.65 354.7 0.85
888 66.3 0.86 242.9 0.21 341.1 0.31
889 25.4 0.62 285.1 0.94 339.1 0.87
890 39.6 0.73 264.1 0.53 335.6 0.78
891 49.2 0.64 295.0 0.76 357.0 0.72
892 58.0 0.54 259.2 0.08 353.4 0.45
893 34.7 0.74 267.5 0.67 334.7 0.53
894 114.8 0.26 214.0 0.72 321.0 0.99
895 102.3 0.96 215.6 0.28 336.1 0.91
896 123.5 0.99 221.3 0.93 309.6 0.35
897 68.6 0.58 241.9 0.65 334.2 0.47
898 118.8 0.46 217.3 0.67 314.2 0.56
899 82.5 0.86 231.8 0.79 334.9 0.70
900 69.7 0.92 239.7 0.69 342.7 0.52
901 86.0 0.93 222.3 0.83 344.6 0.30
902 97.7 0.94 207.6 0.87 352.3 0.65
903 36.3 0.54 280.5 0.77 343.4 0.99
904 52.0 0.29 286.0 0.78 355.8 0.75
905 113.6 0.44 224.4 0.53 315.4 0.85
906 130.6 0.45 220.9 0.97 302.6 0.34
907 119.0 0.70 210.7 0.90 318.8 0.70
908 110.9 0.34 210.1 0.66 330.6 0.64
909 113.7 0.42 227.9 0.44 313.0 0.83
910 71.5 0.65 240.9 0.77 331.0 0.85
911 99.0 0.50 229.9 0.97 320.9 0.91
912 69.3 0.69 240.0 0.68 338.5 0.21
913 112.7 0.57 207.0 0.88 334.1 0.95
914 29.5 0.79 284.3 0.58 339.6 0.21
915 73.0 0.88 242.1 0.62 323.8 0.98
916 51.3 0.22 292.1 0.85 357.5 0.74
917 49.9 0.78 253.5 0.04 331.5 0.92
918 29.0 0.77 290.2 0.79 343.3 0.58
919 67.9 0.47 241.6 0.96 344.0 0.51
920 109.2 0.25 211.5 0.54 332.3 0.94
921 104.8 1.00 204.5 0.14 348.4 0.52
922 28.7 0.33 288.3 0.68 342.3 0.69
923 82.7 0.65 228.7 0.92 340.2 0.41
924 58.8 0.72 264.9 0.82 357.8 0.39
925 84.2 0.85 221.1 0.33 348.5 0.92
926 92.3 0.95 233.7 0.56 321.7 0.55
927 48.4 0.62 294.2 0.92 355.8 0.59
928 45.0 0.73 257.3 0.72 333.3 0.66
929 60.3 0.44 252.3 0.68 346.2 0.75
930 51.4 0.80 257.4 0.44 338.2 0.60
931 112.1 0.30 208.8 0.86 333.9 0.38
932 37.7 0.98 265.0 0.98 335.3 0.67
933 76.5 0.59 225.0 0.98 352.9 0.64
934 76.4 0.32 234.5 0.55 337.4 0.82
935 93.2 0.62 219.0 0.81 340.7 0.54
936 115.2 0.51 221.3 0.20 316.4 0.50
937 103.7 0.70 210.8 0.49 339.2 0.39
938 113.6 0.98 222.7 0.49 316.5 0.26
939 67.4 0.75 242.8 0.54 330.7 0.88
940 31.5 0.74 284.4 0.81 342.0 0.62
941 94.5 0.70 227.7 0.69 327.8 0.80
942 57.8 0.63 254.4 0.92 345.0 0.82
943 64.6 0.47 246.5 0.89 352.7 0.81
944 96.6 0.95 235.2 0.58 316.9 0.83
945 85.9 0.27 234.5 0.97 324.8 0.77
946 110.0 0.82 224.2 0.44 317.8 0.94
947 61.9 0.47 246.3 0.72 330.4 0.09
948 36.1 0.27 264.0 0.62 336.4 0.20
949 45.2 0.68 256.2 0.89 331.2 0.39
950 104.2 0.60 214.4 0.59 335.1 0.77
951 109.8 0.47 201.3 0.85 348.6 0.75
952 118.6 0.67 213.1 0.82 317.6 0.54
953 129.0 0.94 220.5 0.50 303.7 0.54
954 51.0 0.95 254.5 0.79 333.6 0.27
955 35.6 0.76 291.5 0.16 345.6 0.45
956 33.5 0.66 267.5 0.76 334.8 0.91
957 87.0 0.32 225.6 0.74 338.4 0.55
958 42.1 0.66 292.2 0.19 351.6 0.27
959 84.6 0.41 224.1 0.99 344.8 0.34
960 90.3 0.37 232.5 0.64 326.4 0.84
961 85.3 0.93 227.9 0.96 337.1 0.59
962 83.5 0.78 215.5 0.58 354.7 0.79
963 25.8 0.96 288.6 0.64 340.7 0.74
964 88.0 0.83 210.6 0.92 356.4 0.44
965 40.8 0.23 257.4 0.90 330.1 0.75
966 54.0 0.23 254.6 0.88 339.1 0.46
967 83.8 0.72 229.4 0.96 337.2 0.97
968 37.6 0.86 279.7 0.71 343.4 0.50
969 115.7 0.66 224.8 0.82 313.2 0.66
970 63.6 0.75 245.8 0.83 350.8 0.77
971 32.8 0.40 287.1 0.55 344.3 0.82
972 28.6 0.89 279.4 0.73 337.7 0.21
973 45.8 0.49 261.2 0.82 338.2 0.14
974 55.8 0.63 257.4 0.06 348.3 0.43
975 44.1 0.89 264.7 0.27 338.2 0.90
976 91.2 0.83 226.8 0.23 333.2 0.28
977 106.8 0.95 205.1 0.69 345.1 0.92
978 64.9 0.94 243.8 0.31 349.8 0.26
979 90.1 0.85 215.8 0.18 347.6 0.60
980 73.1 0.99 241.3 0.60 325.5 0.85
981 84.7 0.70 212.5 0.66 356.4 0.97
982 65.9 0.87 243.5 0.86 348.6 0.77
983 84.6 0.12 213.2 0.24 356.3 0.63
984 108.3 0.83 218.9 1.00 324.1 0.22
985 60.0 0.43 255.8 0.76 350.1 0.86
986 100.0 0.50 213.5 0.83 340.9 0.88
987 50.6 0.77 288.9 0.94 356.7 0.60
988 103.2 0.85 224.3 0.42 323.9 0.79
989 97.1 0.43 204.1 0.64 356.3 0.75
990 109.3 0.76 208.7 0.90 336.0 0.53
991 23.0 0.63 284.5 0.51 338.2 0.43
992 105.0 1.00 210.9 1.00 338.6 0.35
993 87.5 0.73 232.6 0.39 328.0 0.57
994 99.6 0.83 213.4 0.08 340.9 0.53
995 52.1 0.74 264.1 0.27 347.4 0.58
996 38.5 0.49 265.0 0.92 335.7 0.70
997 106.2 0.35 209.9 0.61 338.6 0.97
998 41.7 0.16 274.7 0.33 344.0 0.98
999 105.0 0.11 200.9 1.00 355.2 0.70
1000 70.9 0.62 229.1 0.58 358.0 0.68
