14
1 25
2 1 7 1 1 2 9 2 1 3
10 3 1 4 10 4 1 5 10 5
2 6 10 6 2 7 9 7 3 8
8 8 4 9 7 9 6 2 3 3
5 4 7 5 8 6 4 6 3 7
2 30
3 9 6 9 3 8 9 8 3 7
12 7 2 6 12 6 2 5 12 5
2 4 12 4 1 3 11 3 1 2
11 2 1 1 11 1 1 0 10 0
4 -1 10 -1 7 -2 10 -2 5 0
7 3 4 5 6 8 3 1 2 6
3 3
3 1 2 2 1 3
4 6
1 3 19 1 4 2 2 1 11 2
10 1
5 7
3 5 4 5 4 3 2 1 0 2
0 5 0 3 
6 13
1 2 5 6 6 3 4 0 6 4
1 5 0 1 5 4 6 0 3 2
5 5 4 4 4 2 
7 20
7 4 2 6 5 0 0 0 2 4
2 7 1 6 5 7 4 1 6 1
6 7 2 3 1 0 1 4 6 5
1 3 7 1 2 5 3 3 0 6
8 3
5 8 8 4 3 6 
9 6
9 6 7 6 9 5 4 9 5 3
7 8 
10 30
9 0 7 2 7 0 3 0 3 1
3 9 9 1 9 10 9 8 9 7
5 1 6 9 9 4 6 2 2 0
9 2 8 9 10 9 1 9 8 1
4 6 8 7 1 10 3 7 0 9
10 4 3 4 2 2 8 5 2 10
11 7
4 10 11 10 0 8 0 10 11 8
10 8 8 3 
12 9
11 9 12 10 5 2 11 1 10 11
7 10 7 5 7 12 3 8 
13 4
2 11 9 13 1 8 0 11 
14 10
12 3 13 14 6 8 14 1 14 4
11 2 13 11 4 7 1 1 2 12
