195
1 3 1
2 7 3
3 11 5
4 3 1
5 3 2
6 3 3
7 4 1
8 4 2
9 4 3
10 4 4
11 5 1
12 5 2
13 5 3
14 5 4
15 5 5
16 6 1
17 6 2
18 6 3
19 6 4
20 6 5
21 6 6
22 7 1
23 7 2
24 7 3
25 7 4
26 7 5
27 7 6
28 7 7
29 8 1
30 8 2
31 8 3
32 8 4
33 8 5
34 8 6
35 8 7
36 8 8
37 9 1
38 9 2
39 9 3
40 9 4
41 9 5
42 9 6
43 9 7
44 9 8
45 9 9
46 10 1
47 10 2
48 10 3
49 10 4
50 10 5
51 10 6
52 10 7
53 10 8
54 10 9
55 10 10
56 11 1
57 11 2
58 11 3
59 11 4
60 11 5
61 11 6
62 11 7
63 11 8
64 11 9
65 11 10
66 11 11
67 12 1
68 12 2
69 12 3
70 12 4
71 12 5
72 12 6
73 12 7
74 12 8
75 12 9
76 12 10
77 12 11
78 12 12
79 13 1
80 13 2
81 13 3
82 13 4
83 13 5
84 13 6
85 13 7
86 13 8
87 13 9
88 13 10
89 13 11
90 13 12
91 13 13
92 14 1
93 14 2
94 14 3
95 14 4
96 14 5
97 14 6
98 14 7
99 14 8
100 14 9
101 14 10
102 14 11
103 14 12
104 14 13
105 14 14
106 15 1
107 15 2
108 15 3
109 15 4
110 15 5
111 15 6
112 15 7
113 15 8
114 15 9
115 15 10
116 15 11
117 15 12
118 15 13
119 15 14
120 15 15
121 16 1
122 16 2
123 16 3
124 16 4
125 16 5
126 16 6
127 16 7
128 16 8
129 16 9
130 16 10
131 16 11
132 16 12
133 16 13
134 16 14
135 16 15
136 17 1
137 17 2
138 17 3
139 17 4
140 17 5
141 17 6
142 17 7
143 17 8
144 17 9
145 17 10
146 17 11
147 17 12
148 17 13
149 17 14
150 17 15
151 18 1
152 18 2
153 18 3
154 18 4
155 18 5
156 18 6
157 18 7
158 18 8
159 18 9
160 18 10
161 18 11
162 18 12
163 18 13
164 18 14
165 18 15
166 19 1
167 19 2
168 19 3
169 19 4
170 19 5
171 19 6
172 19 7
173 19 8
174 19 9
175 19 10
176 19 11
177 19 12
178 19 13
179 19 14
180 19 15
181 20 1
182 20 2
183 20 3
184 20 4
185 20 5
186 20 6
187 20 7
188 20 8
189 20 9
190 20 10
191 20 11
192 20 12
193 20 13
194 20 14
195 20 15
