200
1 4
2 57
3 500
4 1815
5 448
6 1198
7 1346
8 1030
9 454
10 1233
11 1669
12 1800
13 963
14 1185
15 996
16 1660
17 765
18 1052
19 1385
20 911
21 726
22 1618
23 1671
24 500
25 482
26 1768
27 867
28 296
29 1987
30 1727
31 877
32 1401
33 63
34 921
35 1495
36 1512
37 1067
38 1738
39 467
40 594
41 131
42 676
43 373
44 1871
45 1970
46 1668
47 1253
48 1022
49 880
50 95
51 1516
52 1075
53 51
54 1456
55 1034
56 1011
57 1728
58 50
59 1573
60 1380
61 715
62 194
63 984
64 1236
65 1725
66 116
67 1911
68 1709
69 479
70 957
71 576
72 1435
73 1644
74 496
75 1352
76 1471
77 375
78 1048
79 402
80 1881
81 1476
82 654
83 106
84 1302
85 18
86 874
87 762
88 75
89 1521
90 1019
91 169
92 358
93 865
94 1274
95 144
96 1496
97 980
98 1282
99 1891
100 61
101 989
102 1601
103 1020
104 1561
105 1477
106 1568
107 1457
108 98
109 115
110 136
111 1790
112 1402
113 1884
114 1364
115 644
116 211
117 52
118 218
119 1480
120 1094
121 1131
122 1965
123 1028
124 1977
125 439
126 1667
127 1080
128 58
129 1656
130 410
131 157
132 725
133 376
134 1807
135 278
136 1959
137 253
138 1214
139 958
140 1170
141 215
142 940
143 1514
144 567
145 808
146 154
147 46
148 1491
149 283
150 1993
151 1528
152 1870
153 1775
154 241
155 1941
156 901
157 1679
158 1845
159 1841
160 1209
161 1146
162 137
163 1816
164 1773
165 81
166 450
167 1971
168 1055
169 1208
170 1012
171 1172
172 985
173 1175
174 784
175 1001
176 766
177 1756
178 1786
179 840
180 177
181 698
182 1442
183 1995
184 412
185 1279
186 1651
187 128
188 1909
189 1147
190 1021
191 1614
192 1629
193 1645
194 965
195 435
196 159
197 59
198 755
199 1044
200 250
