78
1 1234
2 9
3 1777
4 129
5 9999999
6 0000000
7 1
8 0
9 0000001
10 0000009
11 0000007
12 7777777
13 7777778
14 7000000
15 1111111
16 1010101
17 7070707
18 9876543
19 1
20 2
21 3
22 4
23 5
24 6
25 7
26 8
27 9
28 10
29 11
30 12
31 13
32 14
33 15
34 16
35 17
36 18
37 19
38 20
39 0
40 1
41 2
42 3
43 4
44 5
45 6
46 7
47 10
48 11
49 12
50 13
51 14
52 15
53 16
54 17
55 20
56 21
57 22
58 23
59 24
60 25
61 26
62 27
63 30
64 31
65 32
66 33
67 34
68 35
69 36
70 37
71 40
72 41
73 42
74 43
75 44
76 45
77 46
78 47

