50
1
 1 48 -1 -1 33 -1 63 18 
30 51 -1  3 -1 -1 -1 -1 
-1 -1 -1 -1 15 -1 -1 -1 
-1 -1 -1 45 -1 -1 36 -1 
-1 -1 25 -1  9 -1 21 60 
-1 -1 -1 -1 24 57 12 -1 
-1  6 -1 -1 39 -1 -1 -1 
54 -1 42 -1 -1 -1 -1 -1 
2
18 -1 10 -1 -1 31 42 -1 
11 -1 -1 -1 -1 -1 51 30 
-1 17 -1 -1 32 -1 -1 43 
-1 12 61 20  5 -1 -1 52 
-1 -1 -1 -1 28 53 48  1 
-1 -1 57 -1 45 -1 -1 -1 
22 59 34 15 -1 25  2 -1 
35 14 23 -1  3 46 55 -1 
3
-1 -1 -1 -1 -1 42 -1 54 
22 -1 -1 39 26 -1  6 -1 
37 12 57 24 -1  8 53 28 
60 -1 -1  9 -1 -1 44  5 
-1 -1 -1 -1 -1  4 -1 52 
64 17 -1 -1 -1 49  2 47 
35 -1 -1 62  3 46 -1 30 
18 -1 16 -1 50 -1 48  1 
4
39 18 -1 -1 -1 -1 35 -1 
-1 63 -1 17 -1 59 -1 -1 
-1 40 -1 12 -1 16 57 34 
62  9 -1 -1 -1 -1 24 15 
-1 -1 41 -1 -1 -1 -1 -1 
42 31 -1 -1  4 -1 -1 -1 
51 -1 -1 -1 -1 -1 -1 -1 
30 -1 -1 -1 -1  1 54 47 
5
18 35 -1 -1 60 -1 22 -1 
63 14 -1 36 21 -1 -1 -1 
16 -1 34 61 40 57 -1 23 
-1 -1 -1 -1 -1 24 39 58 
50 -1 -1 -1 -1 -1 -1  7 
-1 46 49 -1 -1 -1 55 -1 
48 51 -1 29 44 -1 -1 27 
 1 30 -1 -1  5 28 -1 -1 
6
-1 -1  1 -1  5 -1 -1 -1 
-1 51 -1 -1 -1 -1 -1 -1 
-1 -1 31 -1 -1  8 -1 42 
-1  3 50 45 56 -1 -1  7 
-1 -1 -1 -1  9 -1 -1 -1 
-1 -1 -1 61 -1 -1 10 -1 
17 -1 63 -1 21 -1 59 38 
64 -1 -1 13 60 -1 22 -1 
7
-1 -1 -1  5 -1  1 -1 -1 
-1 -1 -1 -1 -1 -1 -1 -1 
42 55  8 25 -1 -1 -1 -1 
-1 -1 41 -1 -1 -1  3 32 
-1 39 -1 -1 -1 -1 -1 15 
-1 10 -1 40 61 16 -1 34 
38 -1 12 -1 -1 -1 -1 17 
11 -1 37 -1 13 -1 -1 -1 
8
-1 -1 -1 -1 -1 -1 -1 -1 
-1  6 -1 50 -1 -1 -1 18 
52 -1  8 41 20 61 38 -1 
 5 -1 -1 -1 -1 -1 17 64 
-1 -1 -1 -1 60 -1 -1 -1 
 1 -1 -1 -1 -1 -1 -1 22 
54 -1 -1  3 -1 -1 -1 -1 
47 -1 -1 -1 -1 -1 -1 58 
9
-1 -1 -1 -1 58 23 -1 35 
-1 -1 25 -1 15 -1 -1 -1 
54 27  4 -1 24 -1 -1 -1 
 1 -1 -1 -1 -1 16 21 60 
52 29 -1  5 -1 -1 -1 37 
43  6 -1 32  9 -1 17 64 
-1 51 -1 41 -1 19 -1 11 
 7 42 31 50 39 -1 -1 18 
10
-1 -1 -1 -1 50 -1 42  7 
-1 -1 19 -1 41 -1 -1 -1 
-1 -1 40 -1 -1 -1  6 -1 
-1 -1 61 -1  5 44 29 -1 
60 21 16 33 28 -1 -1  1 
-1 36 57 24 45 -1 27 -1 
22 -1 34 -1 56 -1 -1 47 
-1 14 -1 58 -1 46 -1 -1 
11
-1 35 -1 13 60 37 22 11 
63 -1 -1 36 -1 -1 59 -1 
-1 19 -1 61 40 57 -1 -1 
-1 62 15 20  9 -1 -1 58 
50 -1 32 -1 56 -1 -1 -1 
-1 -1 -1  4 -1 -1 55 -1 
48 51  2 -1 44 -1  6 27 
 1 30 -1 -1 -1 28 43 54 
12
47 -1  1 -1 -1 28 -1 54 
-1 -1 48 -1 -1 -1 -1 -1 
49 46 31  4 25  8 -1 42 
-1 -1 -1 -1 -1 41 26 -1 
15 -1 -1 -1 -1 24 39 58 
34 -1 16 61 40 57 10 -1 
17 14 -1 -1 21 -1 59 -1 
64 -1 -1 -1 60 -1 -1 11 
13
-1 -1 55 26 -1 34 23 -1 
-1 -1 -1 -1 24 -1 -1 -1 
 1 48 -1 -1 -1 16 59 22 
-1 53 -1 -1 60 21 -1 -1 
-1 44 -1 -1 -1 -1 -1 -1 
-1 -1  8 41 -1 61 38 11 
-1 -1 -1 -1  9 -1 63 -1 
30 51 -1 -1 -1 -1 10 -1 
14
-1 -1 34 -1 32 -1  2 47 
35 14 -1 -1  3 -1 51 30 
18 63 16 33 -1 31 -1  1 
13 36 -1 20 45 -1 -1 -1 
-1 21 40 -1 -1 -1 44 -1 
-1 12 57 24 -1  8 53 28 
22 -1 10 -1 -1 55 -1 43 
-1 38 -1 58 -1 -1 -1 -1 
15
-1 -1 22 -1 -1 -1 -1 -1 
-1 -1 -1 36 17 -1 63 10 
34 -1 16 -1 -1 -1 -1 -1 
-1 -1 -1 -1 -1 -1 -1 -1 
-1 -1 56 -1 -1 41 50 -1 
-1 -1 25 -1 -1  8 -1 -1 
-1 -1 48 -1 -1 -1  6 51 
47 -1  1 -1 -1 52 43 30 
16
-1 -1 49 32 -1 -1 -1 -1 
-1 -1 -1 -1 -1 -1 14 35 
 1 48 -1 50 -1 16 63 -1 
-1 -1  4 -1 -1 61 -1 -1 
-1 -1 -1 -1  9 40 -1 -1 
28 53 -1 -1 -1 -1 -1 37 
43  6 -1 -1 -1 -1 59 -1 
-1 27 -1 -1 58 -1 -1 -1 
17
-1 -1  1 52  5 -1 43 -1 
 2 -1 48 29 -1 -1  6 -1 
-1 -1 31 -1 -1 -1 55 -1 
32 -1 -1 45 56 -1 -1  7 
15 62 -1 20 -1 -1 39 58 
-1 -1 16 -1 40 -1 -1 23 
17 14 -1 -1 21 -1 -1 38 
-1 35 -1 13 60 -1 -1 11 
18
-1 38 23 -1  7 -1 -1 -1 
-1 59 10 -1 -1 -1  6 43 
-1 12 -1 -1 41 -1 53 -1 
60 21 40 -1 -1 -1 -1 -1 
13 -1 -1 20 -1 -1 29 52 
64 17 34 15 32 -1  2 47 
35 -1 -1 62  3 -1 -1 -1 
-1 -1 -1 -1 50 31 -1  1 
19
-1 -1 -1 -1 32 -1  2 -1 
35 -1 19 62  3 -1 51 -1 
18 63 -1 33 50 -1 -1  1 
13 36 -1 -1 -1 -1 -1 52 
60 21 40 -1 56 -1 44  5 
37 12 -1 -1 -1  8 -1 -1 
-1 -1 10 39 26 -1  6 -1 
11 -1 -1 58 -1 42 -1 54 
20
11 -1 -1 -1 13 18 -1 -1 
38 -1 -1 21 36 -1 14 17 
23 -1 -1 40 -1 16 19 -1 
-1 39 -1 -1 20 33 -1 15 
-1 -1 -1 -1 -1 -1  3 -1 
-1 -1 -1 -1 -1 -1 46 -1 
-1 -1 -1 -1 29 -1 -1  2 
-1 -1 -1 -1 -1  1 -1 -1 
21
-1 -1 -1 -1 -1 -1 -1 -1 
-1 -1 -1  9 50 -1 -1 -1 
-1 -1 61 -1 41 -1 -1 52 
64 -1 12 -1 -1 49 -1 -1 
13 36 -1 -1 -1 -1 53 28 
-1 -1 16 -1 -1 -1 -1  1 
-1 -1 57 24 -1 46 27 -1 
58 -1 -1 -1 -1 -1  2 -1 
22
11 38 -1 -1  7 -1 -1 54 
-1 59 -1 39 26 -1 -1 -1 
37 12 57 -1 -1  8 -1 -1 
-1 -1 40 -1 -1 -1 44  5 
-1 -1 -1 -1 45 -1 29 52 
-1 17 34 -1 -1 -1 -1 47 
-1 -1 -1 -1 -1 -1 -1 -1 
-1 -1 -1 33 -1 -1 -1  1 
23
-1 -1 -1 60 -1 18 -1 -1 
38 -1 -1 -1 -1 -1 14 17 
-1 -1 -1 -1 -1 -1 19 -1 
58 39 24 -1 20 33 -1 -1 
-1 26 41 -1 45 -1 -1 -1 
42 55 -1 25 -1 -1 -1 -1 
-1 -1 -1 -1 -1 -1 -1 -1 
-1 -1 28 -1 -1  1 -1 -1 
24
 1 -1 -1 -1 33 16 -1 -1 
30 -1 46  3 -1 19 -1 -1 
-1 -1 49 -1 -1 34 17 -1 
-1 29 -1 -1 20 -1 36 13 
-1 -1 -1 -1  9 -1 -1 -1 
-1 -1  8 -1 -1 -1 -1 -1 
43 -1 -1 -1 -1 10 -1 -1 
-1 27 42  7 -1 -1 -1 11 
25
39 18 -1 -1 -1 -1 -1 -1 
-1 63 38 17 36 59 -1 -1 
19 -1 61 -1 21 16 57 -1 
-1  9 -1 -1 -1 33 24 -1 
 7 -1 41 -1 -1 56  3 -1 
-1 31 -1 49 -1 25 -1 55 
-1  6 29 44 53 -1 27 -1 
-1 -1 -1  5 -1  1 54 47 
26
-1 35 -1 13 -1 -1 -1 -1 
-1 -1 17 -1 -1 -1 -1 38 
-1 -1 34 61 40 -1 10 -1 
-1 62 15 20 -1 -1 -1 58 
-1  3 32 -1 -1 41 26 -1 
-1 -1 49 -1 -1  8 -1 -1 
-1 -1  2 -1 -1 -1 -1 -1 
 1 30 -1 52 -1 -1 -1 -1 
27
-1 47 -1  1 52 -1 -1  7 
55  2 27 -1 29 -1 51 -1 
-1 -1  4 -1 44 -1 -1 31 
 3 56 45 -1  5 -1 41 -1 
-1 -1 -1 33 20 -1 62 39 
23 -1 57 -1 -1 -1 -1 -1 
14 59 -1 -1 -1 17 -1 -1 
-1 -1 -1 -1 -1 64 -1 -1 
28
-1 10 -1 -1  7 -1 51 -1 
-1 63 40 -1 50 -1 -1 -1 
11 38 61 -1 41  8 -1 -1 
-1 -1 -1 -1 -1 -1 44 -1 
13 36 21 -1 45 -1 -1 28 
-1 -1 16 33 -1 25 -1  1 
35 -1 -1 24  3 -1 27 -1 
58 -1 -1 -1 -1 -1  2 47 
29
-1 -1 52 -1 -1  1 -1 -1 
-1 -1 -1 -1 53 48 -1 -1 
42 31  8 -1  4 -1 46 -1 
-1 -1 41 -1 45 -1  3 -1 
-1 -1 -1 37 -1 33 24 -1 
-1 40 -1 -1 -1 -1 57 34 
-1 -1 38 -1 -1 59 -1 -1 
-1 -1 -1 -1 -1 -1 -1 -1 
30
-1 38 -1 -1 -1 -1 -1 54 
-1 59 -1 -1 26 -1  6 -1 
-1 -1 -1 24 41 -1 -1 -1 
60 21 40 -1 -1 25 44 -1 
-1 36 61 20 45 -1 29 -1 
18 -1 -1 -1 50 31 -1  1 
35 -1 19 -1 -1 46 51 -1 
64 -1 34 -1 -1 -1  2 -1 
31
 7 -1 -1 50 -1 -1 -1 -1 
-1 51 -1 41 62 19 -1 -1 
43 -1 -1 32 -1 -1 -1 -1 
-1 -1 44 -1 20 -1 -1 -1 
 1 -1 -1 -1 33 16 -1 -1 
-1 27  4 -1 24 -1 -1 -1 
-1 -1 -1 -1 -1 -1 -1 22 
-1 -1 46  3 -1 -1 -1 -1 
32
-1 -1 -1 -1 13 -1 35 -1 
10 63 -1 -1 -1 59 14 23 
-1 40 61 -1 21 16 57 34 
62 -1 20 37 60 33 24 -1 
-1 50 -1 32 -1 56 -1 26 
-1 -1  8 49 -1 25 46 -1 
51 -1 -1 -1 -1 48 27 -1 
-1 43 -1 -1 -1  1 -1 -1 
33
 1 -1 -1 -1 -1 16 -1 -1 
30 51 -1 -1 62 -1 -1 -1 
47 -1 -1 -1 15 34 17 64 
52 -1 -1 45 -1 -1 36 13 
-1 44 25 -1  9 40 -1 60 
-1 53  8 -1 24 -1 12 -1 
-1 -1 -1 -1 39 10 -1 -1 
54 -1 42 -1 58 23 38 11 
34
-1 23 34 -1 -1 55  2 -1 
-1 -1 57 -1  3 -1 -1 54 
22 -1 16 -1 56 -1 -1  1 
-1 -1 -1 60 -1 -1 -1 -1 
-1 -1 12 -1 32 -1 44  5 
-1 38 -1 20 -1 -1 -1 52 
-1 -1 40  9 -1 -1 -1 -1 
39 10 -1 62  7 42 51 30 
35
-1 -1 -1 -1 50 -1 -1  1 
-1 14 -1 62 -1 46 51 -1 
-1 -1 34 15 -1 -1 -1 -1 
13 36 -1 20 45  4 29 52 
-1 21 40 -1 -1 -1 -1 -1 
-1 12 57 24 41 -1 53 -1 
22 -1 -1 -1 26 55 -1 43 
-1 38 23 -1 -1 -1 -1 -1 
36
30 -1 -1 -1 28  1 54 -1 
-1  6 -1 -1 -1 -1 -1 -1 
42 -1  8 -1  4 25 46 55 
 7 50 -1 32 -1 56 -1 -1 
62 -1 -1 -1 60 -1 -1 -1 
-1 -1 -1 12 -1 -1 57 34 
-1 -1 38 -1 36 -1 -1 23 
39 18 -1 64 -1 -1 -1 -1 
37
-1 47 -1  1 52 43 30  7 
-1  2 -1 -1 -1  6 51 42 
-1 -1  4 -1 44 49 -1 -1 
 3 -1 45 28 -1 32 -1 -1 
-1 15 -1 33 -1  9 -1 -1 
23 34 -1 16 -1 40 -1 -1 
-1 -1 36 21 12 17 -1 -1 
-1 -1 13 60 -1 64 -1 -1 
38
-1 -1 -1 -1 -1 -1 -1 -1 
-1 -1 -1 -1 -1 -1 -1 23 
-1 -1 61 -1 -1 -1 57 -1 
-1  9 20 37 60 -1 24 15 
-1 -1 -1 -1 -1 -1 -1 26 
-1 -1 -1 49  4 -1 -1 -1 
-1 -1 -1 44 53 48 27  2 
-1 -1 52 -1 -1  1 -1 47 
39
-1 -1  1 -1 -1 -1 -1 -1 
 2 -1 -1 29 -1 -1  6 27 
-1 -1 -1  4 25  8 55 42 
-1  3 50 45 56 41 -1  7 
-1 -1 -1 -1 -1 -1 39 58 
-1 19 16 -1 -1 -1 -1 23 
17 -1 -1 36 -1 12 -1 -1 
64 35 -1 -1 -1 37 -1 11 
40
-1 -1 -1 32 15 34 17 64 
-1 -1 46 -1 -1 19 14 35 
 1 -1 31 50 33 -1 -1 -1 
-1 29 -1 45 20 61 -1 -1 
 5 -1 25 56 -1 -1 21 60 
-1 53  8 -1 24 -1 -1 -1 
-1  6 -1 -1 -1 10 -1 22 
-1 27 42 -1 58 23 38 -1 
41
-1 -1 -1 26 15 34 23 -1 
54 -1 46 -1 24 -1 -1 -1 
 1 48 -1 56 33 16 -1 22 
-1 -1  4 45 -1 -1 -1 13 
-1 -1 49 -1 -1 -1 -1 -1 
-1 -1 -1 -1 -1 -1 38 11 
43 -1 31 50  9 -1 -1 18 
-1 -1 42 -1 62 -1 -1 39 
42
-1 -1 -1 -1 13 -1 -1 18 
38 59 -1 -1 36 -1 -1 63 
-1 -1 -1 40 61 -1 19 -1 
-1 -1 24  9 20 -1 -1 33 
-1 -1 41 -1 -1 -1  3 -1 
-1 -1 -1 -1  4 49 -1 -1 
27 -1 53 -1 29  2 51 48 
-1 -1 28  5 -1 47 -1  1 
43
-1 22 37 -1 13 64 -1 -1 
38 -1 -1 21 36 17 -1 63 
-1 -1 57 -1 61 34 19 -1 
58 -1 -1 -1 -1 -1 -1 -1 
-1 -1 41 -1 45 -1  3 -1 
-1 55 -1 25 -1 -1 -1 -1 
-1  6 -1 -1 29 -1 51 -1 
-1 -1 -1 -1 52 -1 30  1 
44
-1 -1 -1 -1 28  1 54 47 
51 -1 -1 44 53 -1 -1 -1 
42 -1 -1 -1 -1 -1 46 55 
-1 50 -1 -1 -1 -1 -1 -1 
-1 -1 20 -1 -1 33 -1 -1 
19 40 -1 -1 21 -1 -1 -1 
-1 -1 -1 -1 -1 -1 -1 23 
-1 -1 11 -1 13 -1 -1 -1 
45
-1 -1 34 -1 26 55  2 -1 
-1 -1 -1 24 -1 -1 27 -1 
-1 59 -1 33 -1 25 48  1 
13 -1 -1 -1 -1  4 53 -1 
-1 17 -1 -1 -1 49 -1 -1 
-1 38 -1 -1 41 -1 29 52 
-1 -1 -1  9 -1 -1  6 -1 
39 -1 -1 -1 -1 -1 -1 -1 
46
64 -1 -1 -1 -1 -1 -1 -1 
17 14 63 -1 -1 -1 -1 -1 
-1 -1 -1 -1 -1 -1 10 -1 
15 62 33 20 -1 -1 -1 58 
-1  3 50 45 -1 41 -1 -1 
49 -1 -1 -1 -1 -1 -1 -1 
-1 -1 -1 29 -1 -1 -1 -1 
47 -1  1 52  5 28 -1 -1 
47
18 -1 -1 37 -1 -1 22 -1 
-1 -1 -1 -1 -1 36 -1 14 
-1 19 40 61 -1 57 -1 23 
-1 -1 -1 -1 33 24 -1 -1 
50 -1 -1 -1 28 -1 -1 -1 
31 -1 49 44 53  4 -1 -1 
-1 51 -1 29 -1 -1 -1 -1 
 7 -1 -1 -1  1 54 -1 -1 
48
-1 11 -1 -1 60 13 -1 35 
-1 -1 -1 -1 -1 -1 59 -1 
10 -1 -1 61 16 57 -1 23 
39 -1 -1 20 33 -1 -1 58 
50 -1 32 -1 28 45 -1 -1 
-1 -1 -1 -1 -1 -1 -1 46 
42 -1  6 -1 48 -1  2 55 
 7 -1 43 52  1 -1 47 -1 
49
-1 47 54  1 -1 -1 -1  7 
-1  2 -1 -1 29  6 -1 -1 
-1 25  4 -1 44 49 -1 31 
-1 56 -1 -1 -1 -1 -1 50 
58 15 24 -1 20 -1 -1 -1 
-1 -1 -1 16 -1 40 19 -1 
14 59 36 -1 12 -1 -1 63 
-1 -1 13 -1 37 -1 11 18 
50
-1 -1 23 58  7 42 27 54 
-1 59 10 39 -1 -1 -1 -1 
-1 -1 57 -1 -1  8 53 -1 
-1 -1 -1 -1 -1 -1 44  5 
13 -1 -1 -1 -1 -1 29 -1 
64 17 -1 15 -1 49 -1 -1 
35 -1 19 -1 -1 46 -1 -1 
-1 -1 -1 -1 -1 31 -1  1 
