35
1 98
11011110011100100010001001110111011101110010001000100111001000100010001000100010
00100010011100100010001000100111001000100010011100100010001001110010001000100010
011100100010001001110111001000101111
2 170
11011110001000100111001000100010011100100010001000100111001000100010001000100010
00100010011100100010001000100111001000100010011100100010001001110010001000100010
01110010001000100111011100100010001001110010001001110010001000100010001001110010
00100111001001110010001000100111001000100111011100100010001000100111001000100111
01110111001000101111
3 61
11011110001000100010011100100111011100100010001000100111001000100010001000100010
001000100111001000100010001001110010001111
4 41
11011110001000100111011100100111001001110011111111111111111111111111111111111111
11
5 54
11011110001000100111001000100111001001110101010101010101010100100010001001110010
0010001000100010001000101111
6 108
11011110001000100111001000100111001001110101010101010101010100100010001001110010
00100010001000100010001000100111001000100010001001110010001000100111001000100010
01110010001000100010011100100010001001110111001000101111
7 108
11011110001000100111001000100111001001110010001000100111001000100010001000100101
01010101010101010010001000100111001000100010001001110010001000100111001000100010
01110010001000100010011100100010001001110111001000101111
8 118
11011110001000100111001000100111001001110101010101010101010100100010001001110010
00100010001000100010001000100111001000100010001001110101010101010101010100100010
0010011100100010001001110010001000100010011100100010001001110111001000101111
9 178
11011110001000100111001000100111001001110101010101010101010101010101010101010101
00100010001001110010001000100010001001010101010101010101010101010101010101010010
00100010011100100010001000100111010101010101010101010101010101010101010100100010
00100111001000100010011100100101010101010101010101010101010101010101001000100010
011100100010001001110111001000101111
10 118
11011110001000100111001000100111001001110010001000100111001000100010001000100010
00100010011100100010001000100111001000100010011100100010001001110010010101010101
0101010101010101010101010101001000100010011100100010001001110111001000101111
11 126
11011110001000100111001000100111001001110101010101010101010100100010001001110010
00100010001000100010001000100111001000100010001001110010001000100111001000100010
01110010001000100010011100100010001001110111001000100010011100100010011100100010
001000101111
12 126
11011110001000100111001000100111001001110010001000100111001000100010001000100101
01010101010101010010001000100111001000100010001001110010001000100111001000100010
01110010001000100010011100100010001001110111001000100010011100100010011100100010
001000101111
13 136
11011110001000100111001000100111001001110101010101010101010100100010001001110010
00100010001000100010001000100111001000100010001001110101010101010101010100100010
00100111001000100010011100100010001000100111001000100010011101110010001000100111
00100010011100100010001000101111
14 196
11011110001000100111001000100111001001110101010101010101010101010101010101010101
00100010001001110010001000100010001001010101010101010101010101010101010101010010
00100010011100100010001000100111010101010101010101010101010101010101010100100010
00100111001000100010011100100101010101010101010101010101010101010101001000100010
011100100010001001110111001000100010011100100010011100100010001000101111
15 136
11011110001000100111001000100111001001110010001000100111001000100010001000100010
00100010011100100010001000100111001000100010011100100010001001110010010101010101
01010101010101010101010101010010001000100111001000100010011101110010001000100111
00100010011100100010001000101111
16 185
11111111111101111000100111011100100010011101110010010101010100100010001001110010
00100010001000100010001000100111001000100010001001110101010101001000100010011100
10001000100111001000100010001001110010001000100111011100100010001001110010001001
11001000100010001000100111001000100111001001110010001000100111001000100111011100
10001000100010011100100010011101110111001000101111
17 122
11111111111111011110001001110010001000100111001000100010001000100111001000100010
00100010001000100010011100100010001000100111001000100010011100100010001001110010
00100010001001110010001000100111011100100010001001110010001001110010001000100010
1111
18 133
11111111111111011110001001110010001000100111001000100101010100100010001001110010
00100010001000100010001000100111001000100010001001110101010100100010001001110010
00100010011100100010001000100111001000100010011101110101010100100010001001110010
00100111001000100010001111
19 97
11111111111111011110001001110010001000100111001000100101010101001000100010011100
10001000100010001001010101010010001000100111001000100010001001110010001000100111
0010001000100111001011111111111111
20 117
11111111111111011110001001110010001000100111001000100101010101010101010101010101
01010101010101010101010101010101001000100010011100100010001000100010001000100010
01110010001000100010011100100010001001110010001000100111001011111111111111
21 1161
11111111111111111111011110011101110111001001110111011101110101010101010100100010
00100111001000100010001000100010001000100111001000100010001001110010001000100111
00100010001001110010001000100010011100100010001001110111001000100010011100100010
01110010001000100010001001110010001001110010011100100010001001110010001001110111
00100010001000100111001000100111011101110010001000100111001001110010001000100010
00100010011100100111001000100111010101010101010010001000100111001001110010011100
10001000100010011100100111001001110111001000100010011100100111011100100010001000
10001001110010011101110010011100100010001001110010011101110111001000100010001001
11001001110111011101110010001000100111011100100010001000100010001000100111011100
10001000100111001000100010011101110010001001110010001000100010011101110010001001
11011101010101010101001000100010011101110010011100100010001000100010011101110010
01110010011100100010001001110111001001110111001000100010001001110111001001110111
01110010001000100111011101110010001000100010001000100111011101110010001001110010
00100010011101110111001001110010001000100010011101110111001001110111001000100010
01110111011101110010001000100010001001110111011101110010011100100010001001110111
01110111011100100010001000100111011101110111011101110010001001110010001000100010
00100010001000100111001000100010001000100111001000100111001000100010001001110010
00100010011100100010001000100111011100100010011100100010001001110010001000100010
01110010001000100111001001110010001001110010001000100111011100100010001001110010
00100010011101110111001000100111001000100111001000100010001000100111001000100111
00100010011100100010011100100010011100100111001000100010011100100010011100100111
01110010001001110010001001110111001000100010001001110010001001110111001001110010
00100111001000100111011101110010001000100111001000100111011101110111001000100111
00100111001000100010001000100010011100100111001000100010011100100010011100100111
00100010011100100010001001110010011100100010011101110010001001110010011100100111
00100010001000100111001001110010011100100111001000100111001001110010011101110010
00100010011100100111001001110111011101010101010101001000100111001001110111001000
10001000100010011100100111011100100010011100100010011100100111011100100111001000
10001001110010011101110010011101110010001001110010011101110111001000100010001011
11
22 1161
11111111111111111111111111111111111111111111111111111111111111111111111111111111
11111111111111111111111111111111111111111111111111111111111111111111111111111111
11111111111111111111111111111111111111111111111111111111111111111111111111111111
11111111111111111111111111111111111111111111111111111111111111111111111111111111
11111111111111111111111111111111111111111111111111111111111111111111111111111111
11111111111111111111111111111111111111111111111111111111111111111111111111111111
11111111111111111111111111111111111111111111111111111111111111111111111111111111
11111111111111111111111111111111111111111111111111111111111111111111111111111111
11111111111111111111111111111111111111111111111111111111111111111111111111111111
11111111111111111111111111111111111111111111111111111111111111111111111111111111
11111111111111111111111111111111111111111111111111111111111111111111111111111111
11111111111111111111111111111111111111111111111111111111111111111111111111111111
11111111111111111111111111111111111111111111111111111111111111111111111111111111
11111111111111111111111111111111111111111111111111111111111111111111111111111111
11111111111111111111111111111111111111111111111111111111111111111111111111111111
11111111111111111111111111111111111111111111111111111111111111111111111111111111
11111111111111111111111111111111111111111111111111111111111111111111111111111111
11111111111111111111111111111111111111111111111111111111111111111111111111111111
11111111111111111111111111111111111111111111111111111111111111111111111111111111
11111111111111111111111111111111111111111111111111111111111111111111111111111111
11111111111111111111111111111111111111111111111111111111111111111111111111111111
11111111111111111111111111111111111111111111111111111111111111111111111111111111
11111111111111111111111111111111111111111111111111111111111111111111111111111111
11111111111111111111111111111111111111111111111111111111111111111111111111111111
11111111111111111111111111111111111111111111111111111111111111111111111111111111
11111111111111111111111111111111111111111111111111111111111111111111111111111111
11111111111111111111111111111111111111111111111111111111111111111111111111111111
11111111111111111111111111111111111111111111111111111111111111111111111111110111
10011101110010001000100010011100100010001000100111001000100010001000100010001011
11
23 1161
11110111100111011100100010001001110010011101010101010101010101010101010101010101
01010101010101010101010101010101010101010101010101010101010101010101010101010101
01010101010101010101010101010101010101010101010101010101010101010101010101010101
01010101010101010101010101010101010101010101010101010101010101010101010101010101
01010101010101010101010101010101010101010101010101010101010101010101010101010101
01010101010101010101010101010101010101010101010101010101010101010101010101010101
01010101010101010101010101010101010101010101010101010101010101010101010101010101
01010101010101010101010101010101010101010101010101010101010101010101010101010101
01010101010101010101010101010101010101010101010101010101010101010101010101010101
01010101010101010101010101010101010101010101010101010101010101010101010101010101
01010101010101010101010101010101010101010101010101010101010101010101010101010101
01010101010101010101010101010101010101010101010101010101010101010101010101010101
01010101010101010101010101010101010101010101010101010101010101010101010101010101
01010101010101010101010101010101010101010101010101010101010101010101010101010101
01010101010101010101001000100010011100100010001000100010010101010101010101010101
01010101010101010101010101010101010101010101010101010101010101010101010101010101
01010101010101010101010101010101010101010101010101010101010101010101010101010101
01010101010101010101010101010101010101010101010101010101010101010101010101010101
01010101010101010101010101010101010101010101010101010101010101010101010101010101
01010101010101010101010101010101010101010101010101010101010101010101010101010101
01010101010101010101010101010101010101010101010101010101010101010101010101010101
01010101010101010101010101010101010101010101010101010101010101010101010101010101
01010101010101010101010101010101010101010101010101010101010101010101010101010101
01010101010101010101010101010101010101010101010101010101010101010101010101010101
01010101010101010101010101010101010101010101010101010101010101010101010101010101
01010101010101010101010101010101010101010101010101010101010101010101010101010101
01010101010101010101010101010101010101010101010101010101010101010101010101010101
01010101010101010101010101010101010101010101010101010101010101010101010101010101
01010101010101010101010101010101010010001000100111001000100010001001110010001011
11
24 1161
11110111100111011100100010001001110010011101010101010101010101010101010101010101
01010101010101010101010101010101010101010101010101010101010101010101010101010101
01010101010101010101010101010101010101010101010101010101010101010101010101010101
01010101010101010101010101010101010101010101010101010101010101010101010101010101
01010101010101010101010101010101010101010101010101010101010101010101010101010101
01010101010101010101010101010101010101010101010101010101010101010101010101010101
01010101010101010101010101010101010101010101010101010101010101010101010101010101
01010101010101010101010101010101010101010101010101010101010101010101010101010101
01010101010101010101010101010101010101010101010101010101010101010101010101010101
01010101010101010101010101010101010101010101010101010101010101010101010101010101
01010101010101010101010101010101010101010101010101010101010101010101010101010101
01010101010101010101010101010101010101010101010101010101010101010101010101010101
01010101010101010101010101010101010101010101010101010101010101010101010101010101
01010101010101010101010101010101010101010101010101010101010101010101010101010101
01010101010101010101010101010101010101010101010101010101010101010101010101010101
01010101010101010101010101010101010101010101010101010101010101010101010101010101
01010101010101010101010101010101010101010101010101010101010101010101010101010101
01010101010101010101010101010101010101010101010101010101010101010101010101010101
01010101010101010101010101010101010101010101010101010101010101010101010101010101
01010101010101010101010101010101010101010101010101010101010101010101010101010101
01010101010101010101010101010101010101010101010101010101010101010101010101010101
01010101010101010101010101010101010101010101010101010101010101010101010101010101
01010101010101010101010101010101010101010101010101010101010101010101010101010101
01010101010101010101010101010101010101010101010101010101010101010101010101010101
01010101010101010101010101010101010101010101010101010101010101010101010101010101
01010101010101010101010101010101010101010101010101010101010101010101010101010101
01010101010101010101010101010101010101010101010101010101010101010101010101010101
01010101010101010101010101010101010101010101010101010101010101010101010101010101
01010101010101010101010101010101010010001000100111001000100010001000100010001011
11
25 44
11011110001000100010001000100010011100100010001000100111001000100010001000100010
00101111
26 22
11011110001000100010001000100010011100100011
27 43
11011110001000100010001000100010011100100010001000100111001000100010001000100010
001111
28 1
11
29 2
1111
30 3
111111
31 1161
11111111111111111111111111111111111111111111111111111111111111111111111111111111
11111111111111111111111111111111111111111111111111111111111111111111111111111111
11111111111111111111111111111111111111111111111111111111111111111111111111111111
11111111111111111111111111111111111111111111111111111111111111111111111111111111
11111111111111111111111111111111111111111111111111111111111111111111111111111111
11111111111111111111111111111111111111111111111111111111111111111111111111111111
11111111111111111111111111111111111111111111111111111111111111111111111111111111
11111111111111111111111111111111111111111111111111111111111111111111111111111111
11111111111111111111111111111111111111111111111111111111111111111111111111111111
11111111111111111111111111111111111111111111111111111111111111111111111111111111
11111111111111111111111111111111111111111111111111111111111111111111111111111111
11111111111111111111111111111111111111111111111111111111111111111111111111111111
11111111111111111111111111111111111111111111111111111111111111111111111111111111
11111111111111111111111111111111111111111111111111111111111111111111111111111111
11111111111111111111111111111111111111111111111111111111111111111111111111111111
11111111111111111111111111111111111111111111111111111111111111111111111111111111
11111111111111111111111111111111111111111111111111111111111111111111111111111111
11111111111111111111111111111111111111111111111111111111111111111111111111111111
11111111111111111111111111111111111111111111111111111111111111111111111111111111
11111111111111111111111111111111111111111111111111111111111111111111111111111111
11111111111111111111111111111111111111111111111111111111111111111111111111111111
11111111111111111111111111111111111111111111111111111111111111111111111111111111
11111111111111111111111111111111111111111111111111111111111111111111111111111111
11111111111111111111111111111111111111111111111111111111111111111111111111111111
11111111111111111111111111111111111111111111111111111111111111111111111111111111
11111111111111111111111111111111111111111111111111111111111111111111111111111111
11111111111111111111111111111111111111111111111111111111111111111111111111111111
11111111111111111111111111111111111111111111111111111111111111111111111111111111
11111111111111111111111111111111111111111111111111111111111111111111111111111111
11
32 1
00
33 2
0000
34 3
000000
35 1161
00000000000000000000000000000000000000000000000000000000000000000000000000000000
00000000000000000000000000000000000000000000000000000000000000000000000000000000
00000000000000000000000000000000000000000000000000000000000000000000000000000000
00000000000000000000000000000000000000000000000000000000000000000000000000000000
00000000000000000000000000000000000000000000000000000000000000000000000000000000
00000000000000000000000000000000000000000000000000000000000000000000000000000000
00000000000000000000000000000000000000000000000000000000000000000000000000000000
00000000000000000000000000000000000000000000000000000000000000000000000000000000
00000000000000000000000000000000000000000000000000000000000000000000000000000000
00000000000000000000000000000000000000000000000000000000000000000000000000000000
00000000000000000000000000000000000000000000000000000000000000000000000000000000
00000000000000000000000000000000000000000000000000000000000000000000000000000000
00000000000000000000000000000000000000000000000000000000000000000000000000000000
00000000000000000000000000000000000000000000000000000000000000000000000000000000
00000000000000000000000000000000000000000000000000000000000000000000000000000000
00000000000000000000000000000000000000000000000000000000000000000000000000000000
00000000000000000000000000000000000000000000000000000000000000000000000000000000
00000000000000000000000000000000000000000000000000000000000000000000000000000000
00000000000000000000000000000000000000000000000000000000000000000000000000000000
00000000000000000000000000000000000000000000000000000000000000000000000000000000
00000000000000000000000000000000000000000000000000000000000000000000000000000000
00000000000000000000000000000000000000000000000000000000000000000000000000000000
00000000000000000000000000000000000000000000000000000000000000000000000000000000
00000000000000000000000000000000000000000000000000000000000000000000000000000000
00000000000000000000000000000000000000000000000000000000000000000000000000000000
00000000000000000000000000000000000000000000000000000000000000000000000000000000
00000000000000000000000000000000000000000000000000000000000000000000000000000000
00000000000000000000000000000000000000000000000000000000000000000000000000000000
00000000000000000000000000000000000000000000000000000000000000000000000000000000
00
