10000
1 8
2 1
3 10
4 9997
5 9996
6 9995
7 9994
8 9993
9 9992
10 9991
11 9990
12 9989
13 9988
14 9987
15 9986
16 9985
17 9984
18 9983
19 9982
20 9981
21 9980
22 9979
23 9978
24 9977
25 9976
26 9975
27 9974
28 9973
29 9972
30 9971
31 9970
32 9969
33 9968
34 9967
35 9966
36 9965
37 9964
38 9963
39 9962
40 9961
41 9960
42 9959
43 9958
44 9957
45 9956
46 9955
47 9954
48 9953
49 9952
50 9951
51 9950
52 9949
53 9948
54 9947
55 9946
56 9945
57 9944
58 9943
59 9942
60 9941
61 9940
62 9939
63 9938
64 9937
65 9936
66 9935
67 9934
68 9933
69 9932
70 9931
71 9930
72 9929
73 9928
74 9927
75 9926
76 9925
77 9924
78 9923
79 9922
80 9921
81 9920
82 9919
83 9918
84 9917
85 9916
86 9915
87 9914
88 9913
89 9912
90 9911
91 9910
92 9909
93 9908
94 9907
95 9906
96 9905
97 9904
98 9903
99 9902
100 9901
101 9900
102 9899
103 9898
104 9897
105 9896
106 9895
107 9894
108 9893
109 9892
110 9891
111 9890
112 9889
113 9888
114 9887
115 9886
116 9885
117 9884
118 9883
119 9882
120 9881
121 9880
122 9879
123 9878
124 9877
125 9876
126 9875
127 9874
128 9873
129 9872
130 9871
131 9870
132 9869
133 9868
134 9867
135 9866
136 9865
137 9864
138 9863
139 9862
140 9861
141 9860
142 9859
143 9858
144 9857
145 9856
146 9855
147 9854
148 9853
149 9852
150 9851
151 9850
152 9849
153 9848
154 9847
155 9846
156 9845
157 9844
158 9843
159 9842
160 9841
161 9840
162 9839
163 9838
164 9837
165 9836
166 9835
167 9834
168 9833
169 9832
170 9831
171 9830
172 9829
173 9828
174 9827
175 9826
176 9825
177 9824
178 9823
179 9822
180 9821
181 9820
182 9819
183 9818
184 9817
185 9816
186 9815
187 9814
188 9813
189 9812
190 9811
191 9810
192 9809
193 9808
194 9807
195 9806
196 9805
197 9804
198 9803
199 9802
200 9801
201 9800
202 9799
203 9798
204 9797
205 9796
206 9795
207 9794
208 9793
209 9792
210 9791
211 9790
212 9789
213 9788
214 9787
215 9786
216 9785
217 9784
218 9783
219 9782
220 9781
221 9780
222 9779
223 9778
224 9777
225 9776
226 9775
227 9774
228 9773
229 9772
230 9771
231 9770
232 9769
233 9768
234 9767
235 9766
236 9765
237 9764
238 9763
239 9762
240 9761
241 9760
242 9759
243 9758
244 9757
245 9756
246 9755
247 9754
248 9753
249 9752
250 9751
251 9750
252 9749
253 9748
254 9747
255 9746
256 9745
257 9744
258 9743
259 9742
260 9741
261 9740
262 9739
263 9738
264 9737
265 9736
266 9735
267 9734
268 9733
269 9732
270 9731
271 9730
272 9729
273 9728
274 9727
275 9726
276 9725
277 9724
278 9723
279 9722
280 9721
281 9720
282 9719
283 9718
284 9717
285 9716
286 9715
287 9714
288 9713
289 9712
290 9711
291 9710
292 9709
293 9708
294 9707
295 9706
296 9705
297 9704
298 9703
299 9702
300 9701
301 9700
302 9699
303 9698
304 9697
305 9696
306 9695
307 9694
308 9693
309 9692
310 9691
311 9690
312 9689
313 9688
314 9687
315 9686
316 9685
317 9684
318 9683
319 9682
320 9681
321 9680
322 9679
323 9678
324 9677
325 9676
326 9675
327 9674
328 9673
329 9672
330 9671
331 9670
332 9669
333 9668
334 9667
335 9666
336 9665
337 9664
338 9663
339 9662
340 9661
341 9660
342 9659
343 9658
344 9657
345 9656
346 9655
347 9654
348 9653
349 9652
350 9651
351 9650
352 9649
353 9648
354 9647
355 9646
356 9645
357 9644
358 9643
359 9642
360 9641
361 9640
362 9639
363 9638
364 9637
365 9636
366 9635
367 9634
368 9633
369 9632
370 9631
371 9630
372 9629
373 9628
374 9627
375 9626
376 9625
377 9624
378 9623
379 9622
380 9621
381 9620
382 9619
383 9618
384 9617
385 9616
386 9615
387 9614
388 9613
389 9612
390 9611
391 9610
392 9609
393 9608
394 9607
395 9606
396 9605
397 9604
398 9603
399 9602
400 9601
401 9600
402 9599
403 9598
404 9597
405 9596
406 9595
407 9594
408 9593
409 9592
410 9591
411 9590
412 9589
413 9588
414 9587
415 9586
416 9585
417 9584
418 9583
419 9582
420 9581
421 9580
422 9579
423 9578
424 9577
425 9576
426 9575
427 9574
428 9573
429 9572
430 9571
431 9570
432 9569
433 9568
434 9567
435 9566
436 9565
437 9564
438 9563
439 9562
440 9561
441 9560
442 9559
443 9558
444 9557
445 9556
446 9555
447 9554
448 9553
449 9552
450 9551
451 9550
452 9549
453 9548
454 9547
455 9546
456 9545
457 9544
458 9543
459 9542
460 9541
461 9540
462 9539
463 9538
464 9537
465 9536
466 9535
467 9534
468 9533
469 9532
470 9531
471 9530
472 9529
473 9528
474 9527
475 9526
476 9525
477 9524
478 9523
479 9522
480 9521
481 9520
482 9519
483 9518
484 9517
485 9516
486 9515
487 9514
488 9513
489 9512
490 9511
491 9510
492 9509
493 9508
494 9507
495 9506
496 9505
497 9504
498 9503
499 9502
500 9501
501 9500
502 9499
503 9498
504 9497
505 9496
506 9495
507 9494
508 9493
509 9492
510 9491
511 9490
512 9489
513 9488
514 9487
515 9486
516 9485
517 9484
518 9483
519 9482
520 9481
521 9480
522 9479
523 9478
524 9477
525 9476
526 9475
527 9474
528 9473
529 9472
530 9471
531 9470
532 9469
533 9468
534 9467
535 9466
536 9465
537 9464
538 9463
539 9462
540 9461
541 9460
542 9459
543 9458
544 9457
545 9456
546 9455
547 9454
548 9453
549 9452
550 9451
551 9450
552 9449
553 9448
554 9447
555 9446
556 9445
557 9444
558 9443
559 9442
560 9441
561 9440
562 9439
563 9438
564 9437
565 9436
566 9435
567 9434
568 9433
569 9432
570 9431
571 9430
572 9429
573 9428
574 9427
575 9426
576 9425
577 9424
578 9423
579 9422
580 9421
581 9420
582 9419
583 9418
584 9417
585 9416
586 9415
587 9414
588 9413
589 9412
590 9411
591 9410
592 9409
593 9408
594 9407
595 9406
596 9405
597 9404
598 9403
599 9402
600 9401
601 9400
602 9399
603 9398
604 9397
605 9396
606 9395
607 9394
608 9393
609 9392
610 9391
611 9390
612 9389
613 9388
614 9387
615 9386
616 9385
617 9384
618 9383
619 9382
620 9381
621 9380
622 9379
623 9378
624 9377
625 9376
626 9375
627 9374
628 9373
629 9372
630 9371
631 9370
632 9369
633 9368
634 9367
635 9366
636 9365
637 9364
638 9363
639 9362
640 9361
641 9360
642 9359
643 9358
644 9357
645 9356
646 9355
647 9354
648 9353
649 9352
650 9351
651 9350
652 9349
653 9348
654 9347
655 9346
656 9345
657 9344
658 9343
659 9342
660 9341
661 9340
662 9339
663 9338
664 9337
665 9336
666 9335
667 9334
668 9333
669 9332
670 9331
671 9330
672 9329
673 9328
674 9327
675 9326
676 9325
677 9324
678 9323
679 9322
680 9321
681 9320
682 9319
683 9318
684 9317
685 9316
686 9315
687 9314
688 9313
689 9312
690 9311
691 9310
692 9309
693 9308
694 9307
695 9306
696 9305
697 9304
698 9303
699 9302
700 9301
701 9300
702 9299
703 9298
704 9297
705 9296
706 9295
707 9294
708 9293
709 9292
710 9291
711 9290
712 9289
713 9288
714 9287
715 9286
716 9285
717 9284
718 9283
719 9282
720 9281
721 9280
722 9279
723 9278
724 9277
725 9276
726 9275
727 9274
728 9273
729 9272
730 9271
731 9270
732 9269
733 9268
734 9267
735 9266
736 9265
737 9264
738 9263
739 9262
740 9261
741 9260
742 9259
743 9258
744 9257
745 9256
746 9255
747 9254
748 9253
749 9252
750 9251
751 9250
752 9249
753 9248
754 9247
755 9246
756 9245
757 9244
758 9243
759 9242
760 9241
761 9240
762 9239
763 9238
764 9237
765 9236
766 9235
767 9234
768 9233
769 9232
770 9231
771 9230
772 9229
773 9228
774 9227
775 9226
776 9225
777 9224
778 9223
779 9222
780 9221
781 9220
782 9219
783 9218
784 9217
785 9216
786 9215
787 9214
788 9213
789 9212
790 9211
791 9210
792 9209
793 9208
794 9207
795 9206
796 9205
797 9204
798 9203
799 9202
800 9201
801 9200
802 9199
803 9198
804 9197
805 9196
806 9195
807 9194
808 9193
809 9192
810 9191
811 9190
812 9189
813 9188
814 9187
815 9186
816 9185
817 9184
818 9183
819 9182
820 9181
821 9180
822 9179
823 9178
824 9177
825 9176
826 9175
827 9174
828 9173
829 9172
830 9171
831 9170
832 9169
833 9168
834 9167
835 9166
836 9165
837 9164
838 9163
839 9162
840 9161
841 9160
842 9159
843 9158
844 9157
845 9156
846 9155
847 9154
848 9153
849 9152
850 9151
851 9150
852 9149
853 9148
854 9147
855 9146
856 9145
857 9144
858 9143
859 9142
860 9141
861 9140
862 9139
863 9138
864 9137
865 9136
866 9135
867 9134
868 9133
869 9132
870 9131
871 9130
872 9129
873 9128
874 9127
875 9126
876 9125
877 9124
878 9123
879 9122
880 9121
881 9120
882 9119
883 9118
884 9117
885 9116
886 9115
887 9114
888 9113
889 9112
890 9111
891 9110
892 9109
893 9108
894 9107
895 9106
896 9105
897 9104
898 9103
899 9102
900 9101
901 9100
902 9099
903 9098
904 9097
905 9096
906 9095
907 9094
908 9093
909 9092
910 9091
911 9090
912 9089
913 9088
914 9087
915 9086
916 9085
917 9084
918 9083
919 9082
920 9081
921 9080
922 9079
923 9078
924 9077
925 9076
926 9075
927 9074
928 9073
929 9072
930 9071
931 9070
932 9069
933 9068
934 9067
935 9066
936 9065
937 9064
938 9063
939 9062
940 9061
941 9060
942 9059
943 9058
944 9057
945 9056
946 9055
947 9054
948 9053
949 9052
950 9051
951 9050
952 9049
953 9048
954 9047
955 9046
956 9045
957 9044
958 9043
959 9042
960 9041
961 9040
962 9039
963 9038
964 9037
965 9036
966 9035
967 9034
968 9033
969 9032
970 9031
971 9030
972 9029
973 9028
974 9027
975 9026
976 9025
977 9024
978 9023
979 9022
980 9021
981 9020
982 9019
983 9018
984 9017
985 9016
986 9015
987 9014
988 9013
989 9012
990 9011
991 9010
992 9009
993 9008
994 9007
995 9006
996 9005
997 9004
998 9003
999 9002
1000 9001
1001 9000
1002 8999
1003 8998
1004 8997
1005 8996
1006 8995
1007 8994
1008 8993
1009 8992
1010 8991
1011 8990
1012 8989
1013 8988
1014 8987
1015 8986
1016 8985
1017 8984
1018 8983
1019 8982
1020 8981
1021 8980
1022 8979
1023 8978
1024 8977
1025 8976
1026 8975
1027 8974
1028 8973
1029 8972
1030 8971
1031 8970
1032 8969
1033 8968
1034 8967
1035 8966
1036 8965
1037 8964
1038 8963
1039 8962
1040 8961
1041 8960
1042 8959
1043 8958
1044 8957
1045 8956
1046 8955
1047 8954
1048 8953
1049 8952
1050 8951
1051 8950
1052 8949
1053 8948
1054 8947
1055 8946
1056 8945
1057 8944
1058 8943
1059 8942
1060 8941
1061 8940
1062 8939
1063 8938
1064 8937
1065 8936
1066 8935
1067 8934
1068 8933
1069 8932
1070 8931
1071 8930
1072 8929
1073 8928
1074 8927
1075 8926
1076 8925
1077 8924
1078 8923
1079 8922
1080 8921
1081 8920
1082 8919
1083 8918
1084 8917
1085 8916
1086 8915
1087 8914
1088 8913
1089 8912
1090 8911
1091 8910
1092 8909
1093 8908
1094 8907
1095 8906
1096 8905
1097 8904
1098 8903
1099 8902
1100 8901
1101 8900
1102 8899
1103 8898
1104 8897
1105 8896
1106 8895
1107 8894
1108 8893
1109 8892
1110 8891
1111 8890
1112 8889
1113 8888
1114 8887
1115 8886
1116 8885
1117 8884
1118 8883
1119 8882
1120 8881
1121 8880
1122 8879
1123 8878
1124 8877
1125 8876
1126 8875
1127 8874
1128 8873
1129 8872
1130 8871
1131 8870
1132 8869
1133 8868
1134 8867
1135 8866
1136 8865
1137 8864
1138 8863
1139 8862
1140 8861
1141 8860
1142 8859
1143 8858
1144 8857
1145 8856
1146 8855
1147 8854
1148 8853
1149 8852
1150 8851
1151 8850
1152 8849
1153 8848
1154 8847
1155 8846
1156 8845
1157 8844
1158 8843
1159 8842
1160 8841
1161 8840
1162 8839
1163 8838
1164 8837
1165 8836
1166 8835
1167 8834
1168 8833
1169 8832
1170 8831
1171 8830
1172 8829
1173 8828
1174 8827
1175 8826
1176 8825
1177 8824
1178 8823
1179 8822
1180 8821
1181 8820
1182 8819
1183 8818
1184 8817
1185 8816
1186 8815
1187 8814
1188 8813
1189 8812
1190 8811
1191 8810
1192 8809
1193 8808
1194 8807
1195 8806
1196 8805
1197 8804
1198 8803
1199 8802
1200 8801
1201 8800
1202 8799
1203 8798
1204 8797
1205 8796
1206 8795
1207 8794
1208 8793
1209 8792
1210 8791
1211 8790
1212 8789
1213 8788
1214 8787
1215 8786
1216 8785
1217 8784
1218 8783
1219 8782
1220 8781
1221 8780
1222 8779
1223 8778
1224 8777
1225 8776
1226 8775
1227 8774
1228 8773
1229 8772
1230 8771
1231 8770
1232 8769
1233 8768
1234 8767
1235 8766
1236 8765
1237 8764
1238 8763
1239 8762
1240 8761
1241 8760
1242 8759
1243 8758
1244 8757
1245 8756
1246 8755
1247 8754
1248 8753
1249 8752
1250 8751
1251 8750
1252 8749
1253 8748
1254 8747
1255 8746
1256 8745
1257 8744
1258 8743
1259 8742
1260 8741
1261 8740
1262 8739
1263 8738
1264 8737
1265 8736
1266 8735
1267 8734
1268 8733
1269 8732
1270 8731
1271 8730
1272 8729
1273 8728
1274 8727
1275 8726
1276 8725
1277 8724
1278 8723
1279 8722
1280 8721
1281 8720
1282 8719
1283 8718
1284 8717
1285 8716
1286 8715
1287 8714
1288 8713
1289 8712
1290 8711
1291 8710
1292 8709
1293 8708
1294 8707
1295 8706
1296 8705
1297 8704
1298 8703
1299 8702
1300 8701
1301 8700
1302 8699
1303 8698
1304 8697
1305 8696
1306 8695
1307 8694
1308 8693
1309 8692
1310 8691
1311 8690
1312 8689
1313 8688
1314 8687
1315 8686
1316 8685
1317 8684
1318 8683
1319 8682
1320 8681
1321 8680
1322 8679
1323 8678
1324 8677
1325 8676
1326 8675
1327 8674
1328 8673
1329 8672
1330 8671
1331 8670
1332 8669
1333 8668
1334 8667
1335 8666
1336 8665
1337 8664
1338 8663
1339 8662
1340 8661
1341 8660
1342 8659
1343 8658
1344 8657
1345 8656
1346 8655
1347 8654
1348 8653
1349 8652
1350 8651
1351 8650
1352 8649
1353 8648
1354 8647
1355 8646
1356 8645
1357 8644
1358 8643
1359 8642
1360 8641
1361 8640
1362 8639
1363 8638
1364 8637
1365 8636
1366 8635
1367 8634
1368 8633
1369 8632
1370 8631
1371 8630
1372 8629
1373 8628
1374 8627
1375 8626
1376 8625
1377 8624
1378 8623
1379 8622
1380 8621
1381 8620
1382 8619
1383 8618
1384 8617
1385 8616
1386 8615
1387 8614
1388 8613
1389 8612
1390 8611
1391 8610
1392 8609
1393 8608
1394 8607
1395 8606
1396 8605
1397 8604
1398 8603
1399 8602
1400 8601
1401 8600
1402 8599
1403 8598
1404 8597
1405 8596
1406 8595
1407 8594
1408 8593
1409 8592
1410 8591
1411 8590
1412 8589
1413 8588
1414 8587
1415 8586
1416 8585
1417 8584
1418 8583
1419 8582
1420 8581
1421 8580
1422 8579
1423 8578
1424 8577
1425 8576
1426 8575
1427 8574
1428 8573
1429 8572
1430 8571
1431 8570
1432 8569
1433 8568
1434 8567
1435 8566
1436 8565
1437 8564
1438 8563
1439 8562
1440 8561
1441 8560
1442 8559
1443 8558
1444 8557
1445 8556
1446 8555
1447 8554
1448 8553
1449 8552
1450 8551
1451 8550
1452 8549
1453 8548
1454 8547
1455 8546
1456 8545
1457 8544
1458 8543
1459 8542
1460 8541
1461 8540
1462 8539
1463 8538
1464 8537
1465 8536
1466 8535
1467 8534
1468 8533
1469 8532
1470 8531
1471 8530
1472 8529
1473 8528
1474 8527
1475 8526
1476 8525
1477 8524
1478 8523
1479 8522
1480 8521
1481 8520
1482 8519
1483 8518
1484 8517
1485 8516
1486 8515
1487 8514
1488 8513
1489 8512
1490 8511
1491 8510
1492 8509
1493 8508
1494 8507
1495 8506
1496 8505
1497 8504
1498 8503
1499 8502
1500 8501
1501 8500
1502 8499
1503 8498
1504 8497
1505 8496
1506 8495
1507 8494
1508 8493
1509 8492
1510 8491
1511 8490
1512 8489
1513 8488
1514 8487
1515 8486
1516 8485
1517 8484
1518 8483
1519 8482
1520 8481
1521 8480
1522 8479
1523 8478
1524 8477
1525 8476
1526 8475
1527 8474
1528 8473
1529 8472
1530 8471
1531 8470
1532 8469
1533 8468
1534 8467
1535 8466
1536 8465
1537 8464
1538 8463
1539 8462
1540 8461
1541 8460
1542 8459
1543 8458
1544 8457
1545 8456
1546 8455
1547 8454
1548 8453
1549 8452
1550 8451
1551 8450
1552 8449
1553 8448
1554 8447
1555 8446
1556 8445
1557 8444
1558 8443
1559 8442
1560 8441
1561 8440
1562 8439
1563 8438
1564 8437
1565 8436
1566 8435
1567 8434
1568 8433
1569 8432
1570 8431
1571 8430
1572 8429
1573 8428
1574 8427
1575 8426
1576 8425
1577 8424
1578 8423
1579 8422
1580 8421
1581 8420
1582 8419
1583 8418
1584 8417
1585 8416
1586 8415
1587 8414
1588 8413
1589 8412
1590 8411
1591 8410
1592 8409
1593 8408
1594 8407
1595 8406
1596 8405
1597 8404
1598 8403
1599 8402
1600 8401
1601 8400
1602 8399
1603 8398
1604 8397
1605 8396
1606 8395
1607 8394
1608 8393
1609 8392
1610 8391
1611 8390
1612 8389
1613 8388
1614 8387
1615 8386
1616 8385
1617 8384
1618 8383
1619 8382
1620 8381
1621 8380
1622 8379
1623 8378
1624 8377
1625 8376
1626 8375
1627 8374
1628 8373
1629 8372
1630 8371
1631 8370
1632 8369
1633 8368
1634 8367
1635 8366
1636 8365
1637 8364
1638 8363
1639 8362
1640 8361
1641 8360
1642 8359
1643 8358
1644 8357
1645 8356
1646 8355
1647 8354
1648 8353
1649 8352
1650 8351
1651 8350
1652 8349
1653 8348
1654 8347
1655 8346
1656 8345
1657 8344
1658 8343
1659 8342
1660 8341
1661 8340
1662 8339
1663 8338
1664 8337
1665 8336
1666 8335
1667 8334
1668 8333
1669 8332
1670 8331
1671 8330
1672 8329
1673 8328
1674 8327
1675 8326
1676 8325
1677 8324
1678 8323
1679 8322
1680 8321
1681 8320
1682 8319
1683 8318
1684 8317
1685 8316
1686 8315
1687 8314
1688 8313
1689 8312
1690 8311
1691 8310
1692 8309
1693 8308
1694 8307
1695 8306
1696 8305
1697 8304
1698 8303
1699 8302
1700 8301
1701 8300
1702 8299
1703 8298
1704 8297
1705 8296
1706 8295
1707 8294
1708 8293
1709 8292
1710 8291
1711 8290
1712 8289
1713 8288
1714 8287
1715 8286
1716 8285
1717 8284
1718 8283
1719 8282
1720 8281
1721 8280
1722 8279
1723 8278
1724 8277
1725 8276
1726 8275
1727 8274
1728 8273
1729 8272
1730 8271
1731 8270
1732 8269
1733 8268
1734 8267
1735 8266
1736 8265
1737 8264
1738 8263
1739 8262
1740 8261
1741 8260
1742 8259
1743 8258
1744 8257
1745 8256
1746 8255
1747 8254
1748 8253
1749 8252
1750 8251
1751 8250
1752 8249
1753 8248
1754 8247
1755 8246
1756 8245
1757 8244
1758 8243
1759 8242
1760 8241
1761 8240
1762 8239
1763 8238
1764 8237
1765 8236
1766 8235
1767 8234
1768 8233
1769 8232
1770 8231
1771 8230
1772 8229
1773 8228
1774 8227
1775 8226
1776 8225
1777 8224
1778 8223
1779 8222
1780 8221
1781 8220
1782 8219
1783 8218
1784 8217
1785 8216
1786 8215
1787 8214
1788 8213
1789 8212
1790 8211
1791 8210
1792 8209
1793 8208
1794 8207
1795 8206
1796 8205
1797 8204
1798 8203
1799 8202
1800 8201
1801 8200
1802 8199
1803 8198
1804 8197
1805 8196
1806 8195
1807 8194
1808 8193
1809 8192
1810 8191
1811 8190
1812 8189
1813 8188
1814 8187
1815 8186
1816 8185
1817 8184
1818 8183
1819 8182
1820 8181
1821 8180
1822 8179
1823 8178
1824 8177
1825 8176
1826 8175
1827 8174
1828 8173
1829 8172
1830 8171
1831 8170
1832 8169
1833 8168
1834 8167
1835 8166
1836 8165
1837 8164
1838 8163
1839 8162
1840 8161
1841 8160
1842 8159
1843 8158
1844 8157
1845 8156
1846 8155
1847 8154
1848 8153
1849 8152
1850 8151
1851 8150
1852 8149
1853 8148
1854 8147
1855 8146
1856 8145
1857 8144
1858 8143
1859 8142
1860 8141
1861 8140
1862 8139
1863 8138
1864 8137
1865 8136
1866 8135
1867 8134
1868 8133
1869 8132
1870 8131
1871 8130
1872 8129
1873 8128
1874 8127
1875 8126
1876 8125
1877 8124
1878 8123
1879 8122
1880 8121
1881 8120
1882 8119
1883 8118
1884 8117
1885 8116
1886 8115
1887 8114
1888 8113
1889 8112
1890 8111
1891 8110
1892 8109
1893 8108
1894 8107
1895 8106
1896 8105
1897 8104
1898 8103
1899 8102
1900 8101
1901 8100
1902 8099
1903 8098
1904 8097
1905 8096
1906 8095
1907 8094
1908 8093
1909 8092
1910 8091
1911 8090
1912 8089
1913 8088
1914 8087
1915 8086
1916 8085
1917 8084
1918 8083
1919 8082
1920 8081
1921 8080
1922 8079
1923 8078
1924 8077
1925 8076
1926 8075
1927 8074
1928 8073
1929 8072
1930 8071
1931 8070
1932 8069
1933 8068
1934 8067
1935 8066
1936 8065
1937 8064
1938 8063
1939 8062
1940 8061
1941 8060
1942 8059
1943 8058
1944 8057
1945 8056
1946 8055
1947 8054
1948 8053
1949 8052
1950 8051
1951 8050
1952 8049
1953 8048
1954 8047
1955 8046
1956 8045
1957 8044
1958 8043
1959 8042
1960 8041
1961 8040
1962 8039
1963 8038
1964 8037
1965 8036
1966 8035
1967 8034
1968 8033
1969 8032
1970 8031
1971 8030
1972 8029
1973 8028
1974 8027
1975 8026
1976 8025
1977 8024
1978 8023
1979 8022
1980 8021
1981 8020
1982 8019
1983 8018
1984 8017
1985 8016
1986 8015
1987 8014
1988 8013
1989 8012
1990 8011
1991 8010
1992 8009
1993 8008
1994 8007
1995 8006
1996 8005
1997 8004
1998 8003
1999 8002
2000 8001
2001 8000
2002 7999
2003 7998
2004 7997
2005 7996
2006 7995
2007 7994
2008 7993
2009 7992
2010 7991
2011 7990
2012 7989
2013 7988
2014 7987
2015 7986
2016 7985
2017 7984
2018 7983
2019 7982
2020 7981
2021 7980
2022 7979
2023 7978
2024 7977
2025 7976
2026 7975
2027 7974
2028 7973
2029 7972
2030 7971
2031 7970
2032 7969
2033 7968
2034 7967
2035 7966
2036 7965
2037 7964
2038 7963
2039 7962
2040 7961
2041 7960
2042 7959
2043 7958
2044 7957
2045 7956
2046 7955
2047 7954
2048 7953
2049 7952
2050 7951
2051 7950
2052 7949
2053 7948
2054 7947
2055 7946
2056 7945
2057 7944
2058 7943
2059 7942
2060 7941
2061 7940
2062 7939
2063 7938
2064 7937
2065 7936
2066 7935
2067 7934
2068 7933
2069 7932
2070 7931
2071 7930
2072 7929
2073 7928
2074 7927
2075 7926
2076 7925
2077 7924
2078 7923
2079 7922
2080 7921
2081 7920
2082 7919
2083 7918
2084 7917
2085 7916
2086 7915
2087 7914
2088 7913
2089 7912
2090 7911
2091 7910
2092 7909
2093 7908
2094 7907
2095 7906
2096 7905
2097 7904
2098 7903
2099 7902
2100 7901
2101 7900
2102 7899
2103 7898
2104 7897
2105 7896
2106 7895
2107 7894
2108 7893
2109 7892
2110 7891
2111 7890
2112 7889
2113 7888
2114 7887
2115 7886
2116 7885
2117 7884
2118 7883
2119 7882
2120 7881
2121 7880
2122 7879
2123 7878
2124 7877
2125 7876
2126 7875
2127 7874
2128 7873
2129 7872
2130 7871
2131 7870
2132 7869
2133 7868
2134 7867
2135 7866
2136 7865
2137 7864
2138 7863
2139 7862
2140 7861
2141 7860
2142 7859
2143 7858
2144 7857
2145 7856
2146 7855
2147 7854
2148 7853
2149 7852
2150 7851
2151 7850
2152 7849
2153 7848
2154 7847
2155 7846
2156 7845
2157 7844
2158 7843
2159 7842
2160 7841
2161 7840
2162 7839
2163 7838
2164 7837
2165 7836
2166 7835
2167 7834
2168 7833
2169 7832
2170 7831
2171 7830
2172 7829
2173 7828
2174 7827
2175 7826
2176 7825
2177 7824
2178 7823
2179 7822
2180 7821
2181 7820
2182 7819
2183 7818
2184 7817
2185 7816
2186 7815
2187 7814
2188 7813
2189 7812
2190 7811
2191 7810
2192 7809
2193 7808
2194 7807
2195 7806
2196 7805
2197 7804
2198 7803
2199 7802
2200 7801
2201 7800
2202 7799
2203 7798
2204 7797
2205 7796
2206 7795
2207 7794
2208 7793
2209 7792
2210 7791
2211 7790
2212 7789
2213 7788
2214 7787
2215 7786
2216 7785
2217 7784
2218 7783
2219 7782
2220 7781
2221 7780
2222 7779
2223 7778
2224 7777
2225 7776
2226 7775
2227 7774
2228 7773
2229 7772
2230 7771
2231 7770
2232 7769
2233 7768
2234 7767
2235 7766
2236 7765
2237 7764
2238 7763
2239 7762
2240 7761
2241 7760
2242 7759
2243 7758
2244 7757
2245 7756
2246 7755
2247 7754
2248 7753
2249 7752
2250 7751
2251 7750
2252 7749
2253 7748
2254 7747
2255 7746
2256 7745
2257 7744
2258 7743
2259 7742
2260 7741
2261 7740
2262 7739
2263 7738
2264 7737
2265 7736
2266 7735
2267 7734
2268 7733
2269 7732
2270 7731
2271 7730
2272 7729
2273 7728
2274 7727
2275 7726
2276 7725
2277 7724
2278 7723
2279 7722
2280 7721
2281 7720
2282 7719
2283 7718
2284 7717
2285 7716
2286 7715
2287 7714
2288 7713
2289 7712
2290 7711
2291 7710
2292 7709
2293 7708
2294 7707
2295 7706
2296 7705
2297 7704
2298 7703
2299 7702
2300 7701
2301 7700
2302 7699
2303 7698
2304 7697
2305 7696
2306 7695
2307 7694
2308 7693
2309 7692
2310 7691
2311 7690
2312 7689
2313 7688
2314 7687
2315 7686
2316 7685
2317 7684
2318 7683
2319 7682
2320 7681
2321 7680
2322 7679
2323 7678
2324 7677
2325 7676
2326 7675
2327 7674
2328 7673
2329 7672
2330 7671
2331 7670
2332 7669
2333 7668
2334 7667
2335 7666
2336 7665
2337 7664
2338 7663
2339 7662
2340 7661
2341 7660
2342 7659
2343 7658
2344 7657
2345 7656
2346 7655
2347 7654
2348 7653
2349 7652
2350 7651
2351 7650
2352 7649
2353 7648
2354 7647
2355 7646
2356 7645
2357 7644
2358 7643
2359 7642
2360 7641
2361 7640
2362 7639
2363 7638
2364 7637
2365 7636
2366 7635
2367 7634
2368 7633
2369 7632
2370 7631
2371 7630
2372 7629
2373 7628
2374 7627
2375 7626
2376 7625
2377 7624
2378 7623
2379 7622
2380 7621
2381 7620
2382 7619
2383 7618
2384 7617
2385 7616
2386 7615
2387 7614
2388 7613
2389 7612
2390 7611
2391 7610
2392 7609
2393 7608
2394 7607
2395 7606
2396 7605
2397 7604
2398 7603
2399 7602
2400 7601
2401 7600
2402 7599
2403 7598
2404 7597
2405 7596
2406 7595
2407 7594
2408 7593
2409 7592
2410 7591
2411 7590
2412 7589
2413 7588
2414 7587
2415 7586
2416 7585
2417 7584
2418 7583
2419 7582
2420 7581
2421 7580
2422 7579
2423 7578
2424 7577
2425 7576
2426 7575
2427 7574
2428 7573
2429 7572
2430 7571
2431 7570
2432 7569
2433 7568
2434 7567
2435 7566
2436 7565
2437 7564
2438 7563
2439 7562
2440 7561
2441 7560
2442 7559
2443 7558
2444 7557
2445 7556
2446 7555
2447 7554
2448 7553
2449 7552
2450 7551
2451 7550
2452 7549
2453 7548
2454 7547
2455 7546
2456 7545
2457 7544
2458 7543
2459 7542
2460 7541
2461 7540
2462 7539
2463 7538
2464 7537
2465 7536
2466 7535
2467 7534
2468 7533
2469 7532
2470 7531
2471 7530
2472 7529
2473 7528
2474 7527
2475 7526
2476 7525
2477 7524
2478 7523
2479 7522
2480 7521
2481 7520
2482 7519
2483 7518
2484 7517
2485 7516
2486 7515
2487 7514
2488 7513
2489 7512
2490 7511
2491 7510
2492 7509
2493 7508
2494 7507
2495 7506
2496 7505
2497 7504
2498 7503
2499 7502
2500 7501
2501 7500
2502 7499
2503 7498
2504 7497
2505 7496
2506 7495
2507 7494
2508 7493
2509 7492
2510 7491
2511 7490
2512 7489
2513 7488
2514 7487
2515 7486
2516 7485
2517 7484
2518 7483
2519 7482
2520 7481
2521 7480
2522 7479
2523 7478
2524 7477
2525 7476
2526 7475
2527 7474
2528 7473
2529 7472
2530 7471
2531 7470
2532 7469
2533 7468
2534 7467
2535 7466
2536 7465
2537 7464
2538 7463
2539 7462
2540 7461
2541 7460
2542 7459
2543 7458
2544 7457
2545 7456
2546 7455
2547 7454
2548 7453
2549 7452
2550 7451
2551 7450
2552 7449
2553 7448
2554 7447
2555 7446
2556 7445
2557 7444
2558 7443
2559 7442
2560 7441
2561 7440
2562 7439
2563 7438
2564 7437
2565 7436
2566 7435
2567 7434
2568 7433
2569 7432
2570 7431
2571 7430
2572 7429
2573 7428
2574 7427
2575 7426
2576 7425
2577 7424
2578 7423
2579 7422
2580 7421
2581 7420
2582 7419
2583 7418
2584 7417
2585 7416
2586 7415
2587 7414
2588 7413
2589 7412
2590 7411
2591 7410
2592 7409
2593 7408
2594 7407
2595 7406
2596 7405
2597 7404
2598 7403
2599 7402
2600 7401
2601 7400
2602 7399
2603 7398
2604 7397
2605 7396
2606 7395
2607 7394
2608 7393
2609 7392
2610 7391
2611 7390
2612 7389
2613 7388
2614 7387
2615 7386
2616 7385
2617 7384
2618 7383
2619 7382
2620 7381
2621 7380
2622 7379
2623 7378
2624 7377
2625 7376
2626 7375
2627 7374
2628 7373
2629 7372
2630 7371
2631 7370
2632 7369
2633 7368
2634 7367
2635 7366
2636 7365
2637 7364
2638 7363
2639 7362
2640 7361
2641 7360
2642 7359
2643 7358
2644 7357
2645 7356
2646 7355
2647 7354
2648 7353
2649 7352
2650 7351
2651 7350
2652 7349
2653 7348
2654 7347
2655 7346
2656 7345
2657 7344
2658 7343
2659 7342
2660 7341
2661 7340
2662 7339
2663 7338
2664 7337
2665 7336
2666 7335
2667 7334
2668 7333
2669 7332
2670 7331
2671 7330
2672 7329
2673 7328
2674 7327
2675 7326
2676 7325
2677 7324
2678 7323
2679 7322
2680 7321
2681 7320
2682 7319
2683 7318
2684 7317
2685 7316
2686 7315
2687 7314
2688 7313
2689 7312
2690 7311
2691 7310
2692 7309
2693 7308
2694 7307
2695 7306
2696 7305
2697 7304
2698 7303
2699 7302
2700 7301
2701 7300
2702 7299
2703 7298
2704 7297
2705 7296
2706 7295
2707 7294
2708 7293
2709 7292
2710 7291
2711 7290
2712 7289
2713 7288
2714 7287
2715 7286
2716 7285
2717 7284
2718 7283
2719 7282
2720 7281
2721 7280
2722 7279
2723 7278
2724 7277
2725 7276
2726 7275
2727 7274
2728 7273
2729 7272
2730 7271
2731 7270
2732 7269
2733 7268
2734 7267
2735 7266
2736 7265
2737 7264
2738 7263
2739 7262
2740 7261
2741 7260
2742 7259
2743 7258
2744 7257
2745 7256
2746 7255
2747 7254
2748 7253
2749 7252
2750 7251
2751 7250
2752 7249
2753 7248
2754 7247
2755 7246
2756 7245
2757 7244
2758 7243
2759 7242
2760 7241
2761 7240
2762 7239
2763 7238
2764 7237
2765 7236
2766 7235
2767 7234
2768 7233
2769 7232
2770 7231
2771 7230
2772 7229
2773 7228
2774 7227
2775 7226
2776 7225
2777 7224
2778 7223
2779 7222
2780 7221
2781 7220
2782 7219
2783 7218
2784 7217
2785 7216
2786 7215
2787 7214
2788 7213
2789 7212
2790 7211
2791 7210
2792 7209
2793 7208
2794 7207
2795 7206
2796 7205
2797 7204
2798 7203
2799 7202
2800 7201
2801 7200
2802 7199
2803 7198
2804 7197
2805 7196
2806 7195
2807 7194
2808 7193
2809 7192
2810 7191
2811 7190
2812 7189
2813 7188
2814 7187
2815 7186
2816 7185
2817 7184
2818 7183
2819 7182
2820 7181
2821 7180
2822 7179
2823 7178
2824 7177
2825 7176
2826 7175
2827 7174
2828 7173
2829 7172
2830 7171
2831 7170
2832 7169
2833 7168
2834 7167
2835 7166
2836 7165
2837 7164
2838 7163
2839 7162
2840 7161
2841 7160
2842 7159
2843 7158
2844 7157
2845 7156
2846 7155
2847 7154
2848 7153
2849 7152
2850 7151
2851 7150
2852 7149
2853 7148
2854 7147
2855 7146
2856 7145
2857 7144
2858 7143
2859 7142
2860 7141
2861 7140
2862 7139
2863 7138
2864 7137
2865 7136
2866 7135
2867 7134
2868 7133
2869 7132
2870 7131
2871 7130
2872 7129
2873 7128
2874 7127
2875 7126
2876 7125
2877 7124
2878 7123
2879 7122
2880 7121
2881 7120
2882 7119
2883 7118
2884 7117
2885 7116
2886 7115
2887 7114
2888 7113
2889 7112
2890 7111
2891 7110
2892 7109
2893 7108
2894 7107
2895 7106
2896 7105
2897 7104
2898 7103
2899 7102
2900 7101
2901 7100
2902 7099
2903 7098
2904 7097
2905 7096
2906 7095
2907 7094
2908 7093
2909 7092
2910 7091
2911 7090
2912 7089
2913 7088
2914 7087
2915 7086
2916 7085
2917 7084
2918 7083
2919 7082
2920 7081
2921 7080
2922 7079
2923 7078
2924 7077
2925 7076
2926 7075
2927 7074
2928 7073
2929 7072
2930 7071
2931 7070
2932 7069
2933 7068
2934 7067
2935 7066
2936 7065
2937 7064
2938 7063
2939 7062
2940 7061
2941 7060
2942 7059
2943 7058
2944 7057
2945 7056
2946 7055
2947 7054
2948 7053
2949 7052
2950 7051
2951 7050
2952 7049
2953 7048
2954 7047
2955 7046
2956 7045
2957 7044
2958 7043
2959 7042
2960 7041
2961 7040
2962 7039
2963 7038
2964 7037
2965 7036
2966 7035
2967 7034
2968 7033
2969 7032
2970 7031
2971 7030
2972 7029
2973 7028
2974 7027
2975 7026
2976 7025
2977 7024
2978 7023
2979 7022
2980 7021
2981 7020
2982 7019
2983 7018
2984 7017
2985 7016
2986 7015
2987 7014
2988 7013
2989 7012
2990 7011
2991 7010
2992 7009
2993 7008
2994 7007
2995 7006
2996 7005
2997 7004
2998 7003
2999 7002
3000 7001
3001 7000
3002 6999
3003 6998
3004 6997
3005 6996
3006 6995
3007 6994
3008 6993
3009 6992
3010 6991
3011 6990
3012 6989
3013 6988
3014 6987
3015 6986
3016 6985
3017 6984
3018 6983
3019 6982
3020 6981
3021 6980
3022 6979
3023 6978
3024 6977
3025 6976
3026 6975
3027 6974
3028 6973
3029 6972
3030 6971
3031 6970
3032 6969
3033 6968
3034 6967
3035 6966
3036 6965
3037 6964
3038 6963
3039 6962
3040 6961
3041 6960
3042 6959
3043 6958
3044 6957
3045 6956
3046 6955
3047 6954
3048 6953
3049 6952
3050 6951
3051 6950
3052 6949
3053 6948
3054 6947
3055 6946
3056 6945
3057 6944
3058 6943
3059 6942
3060 6941
3061 6940
3062 6939
3063 6938
3064 6937
3065 6936
3066 6935
3067 6934
3068 6933
3069 6932
3070 6931
3071 6930
3072 6929
3073 6928
3074 6927
3075 6926
3076 6925
3077 6924
3078 6923
3079 6922
3080 6921
3081 6920
3082 6919
3083 6918
3084 6917
3085 6916
3086 6915
3087 6914
3088 6913
3089 6912
3090 6911
3091 6910
3092 6909
3093 6908
3094 6907
3095 6906
3096 6905
3097 6904
3098 6903
3099 6902
3100 6901
3101 6900
3102 6899
3103 6898
3104 6897
3105 6896
3106 6895
3107 6894
3108 6893
3109 6892
3110 6891
3111 6890
3112 6889
3113 6888
3114 6887
3115 6886
3116 6885
3117 6884
3118 6883
3119 6882
3120 6881
3121 6880
3122 6879
3123 6878
3124 6877
3125 6876
3126 6875
3127 6874
3128 6873
3129 6872
3130 6871
3131 6870
3132 6869
3133 6868
3134 6867
3135 6866
3136 6865
3137 6864
3138 6863
3139 6862
3140 6861
3141 6860
3142 6859
3143 6858
3144 6857
3145 6856
3146 6855
3147 6854
3148 6853
3149 6852
3150 6851
3151 6850
3152 6849
3153 6848
3154 6847
3155 6846
3156 6845
3157 6844
3158 6843
3159 6842
3160 6841
3161 6840
3162 6839
3163 6838
3164 6837
3165 6836
3166 6835
3167 6834
3168 6833
3169 6832
3170 6831
3171 6830
3172 6829
3173 6828
3174 6827
3175 6826
3176 6825
3177 6824
3178 6823
3179 6822
3180 6821
3181 6820
3182 6819
3183 6818
3184 6817
3185 6816
3186 6815
3187 6814
3188 6813
3189 6812
3190 6811
3191 6810
3192 6809
3193 6808
3194 6807
3195 6806
3196 6805
3197 6804
3198 6803
3199 6802
3200 6801
3201 6800
3202 6799
3203 6798
3204 6797
3205 6796
3206 6795
3207 6794
3208 6793
3209 6792
3210 6791
3211 6790
3212 6789
3213 6788
3214 6787
3215 6786
3216 6785
3217 6784
3218 6783
3219 6782
3220 6781
3221 6780
3222 6779
3223 6778
3224 6777
3225 6776
3226 6775
3227 6774
3228 6773
3229 6772
3230 6771
3231 6770
3232 6769
3233 6768
3234 6767
3235 6766
3236 6765
3237 6764
3238 6763
3239 6762
3240 6761
3241 6760
3242 6759
3243 6758
3244 6757
3245 6756
3246 6755
3247 6754
3248 6753
3249 6752
3250 6751
3251 6750
3252 6749
3253 6748
3254 6747
3255 6746
3256 6745
3257 6744
3258 6743
3259 6742
3260 6741
3261 6740
3262 6739
3263 6738
3264 6737
3265 6736
3266 6735
3267 6734
3268 6733
3269 6732
3270 6731
3271 6730
3272 6729
3273 6728
3274 6727
3275 6726
3276 6725
3277 6724
3278 6723
3279 6722
3280 6721
3281 6720
3282 6719
3283 6718
3284 6717
3285 6716
3286 6715
3287 6714
3288 6713
3289 6712
3290 6711
3291 6710
3292 6709
3293 6708
3294 6707
3295 6706
3296 6705
3297 6704
3298 6703
3299 6702
3300 6701
3301 6700
3302 6699
3303 6698
3304 6697
3305 6696
3306 6695
3307 6694
3308 6693
3309 6692
3310 6691
3311 6690
3312 6689
3313 6688
3314 6687
3315 6686
3316 6685
3317 6684
3318 6683
3319 6682
3320 6681
3321 6680
3322 6679
3323 6678
3324 6677
3325 6676
3326 6675
3327 6674
3328 6673
3329 6672
3330 6671
3331 6670
3332 6669
3333 6668
3334 6667
3335 6666
3336 6665
3337 6664
3338 6663
3339 6662
3340 6661
3341 6660
3342 6659
3343 6658
3344 6657
3345 6656
3346 6655
3347 6654
3348 6653
3349 6652
3350 6651
3351 6650
3352 6649
3353 6648
3354 6647
3355 6646
3356 6645
3357 6644
3358 6643
3359 6642
3360 6641
3361 6640
3362 6639
3363 6638
3364 6637
3365 6636
3366 6635
3367 6634
3368 6633
3369 6632
3370 6631
3371 6630
3372 6629
3373 6628
3374 6627
3375 6626
3376 6625
3377 6624
3378 6623
3379 6622
3380 6621
3381 6620
3382 6619
3383 6618
3384 6617
3385 6616
3386 6615
3387 6614
3388 6613
3389 6612
3390 6611
3391 6610
3392 6609
3393 6608
3394 6607
3395 6606
3396 6605
3397 6604
3398 6603
3399 6602
3400 6601
3401 6600
3402 6599
3403 6598
3404 6597
3405 6596
3406 6595
3407 6594
3408 6593
3409 6592
3410 6591
3411 6590
3412 6589
3413 6588
3414 6587
3415 6586
3416 6585
3417 6584
3418 6583
3419 6582
3420 6581
3421 6580
3422 6579
3423 6578
3424 6577
3425 6576
3426 6575
3427 6574
3428 6573
3429 6572
3430 6571
3431 6570
3432 6569
3433 6568
3434 6567
3435 6566
3436 6565
3437 6564
3438 6563
3439 6562
3440 6561
3441 6560
3442 6559
3443 6558
3444 6557
3445 6556
3446 6555
3447 6554
3448 6553
3449 6552
3450 6551
3451 6550
3452 6549
3453 6548
3454 6547
3455 6546
3456 6545
3457 6544
3458 6543
3459 6542
3460 6541
3461 6540
3462 6539
3463 6538
3464 6537
3465 6536
3466 6535
3467 6534
3468 6533
3469 6532
3470 6531
3471 6530
3472 6529
3473 6528
3474 6527
3475 6526
3476 6525
3477 6524
3478 6523
3479 6522
3480 6521
3481 6520
3482 6519
3483 6518
3484 6517
3485 6516
3486 6515
3487 6514
3488 6513
3489 6512
3490 6511
3491 6510
3492 6509
3493 6508
3494 6507
3495 6506
3496 6505
3497 6504
3498 6503
3499 6502
3500 6501
3501 6500
3502 6499
3503 6498
3504 6497
3505 6496
3506 6495
3507 6494
3508 6493
3509 6492
3510 6491
3511 6490
3512 6489
3513 6488
3514 6487
3515 6486
3516 6485
3517 6484
3518 6483
3519 6482
3520 6481
3521 6480
3522 6479
3523 6478
3524 6477
3525 6476
3526 6475
3527 6474
3528 6473
3529 6472
3530 6471
3531 6470
3532 6469
3533 6468
3534 6467
3535 6466
3536 6465
3537 6464
3538 6463
3539 6462
3540 6461
3541 6460
3542 6459
3543 6458
3544 6457
3545 6456
3546 6455
3547 6454
3548 6453
3549 6452
3550 6451
3551 6450
3552 6449
3553 6448
3554 6447
3555 6446
3556 6445
3557 6444
3558 6443
3559 6442
3560 6441
3561 6440
3562 6439
3563 6438
3564 6437
3565 6436
3566 6435
3567 6434
3568 6433
3569 6432
3570 6431
3571 6430
3572 6429
3573 6428
3574 6427
3575 6426
3576 6425
3577 6424
3578 6423
3579 6422
3580 6421
3581 6420
3582 6419
3583 6418
3584 6417
3585 6416
3586 6415
3587 6414
3588 6413
3589 6412
3590 6411
3591 6410
3592 6409
3593 6408
3594 6407
3595 6406
3596 6405
3597 6404
3598 6403
3599 6402
3600 6401
3601 6400
3602 6399
3603 6398
3604 6397
3605 6396
3606 6395
3607 6394
3608 6393
3609 6392
3610 6391
3611 6390
3612 6389
3613 6388
3614 6387
3615 6386
3616 6385
3617 6384
3618 6383
3619 6382
3620 6381
3621 6380
3622 6379
3623 6378
3624 6377
3625 6376
3626 6375
3627 6374
3628 6373
3629 6372
3630 6371
3631 6370
3632 6369
3633 6368
3634 6367
3635 6366
3636 6365
3637 6364
3638 6363
3639 6362
3640 6361
3641 6360
3642 6359
3643 6358
3644 6357
3645 6356
3646 6355
3647 6354
3648 6353
3649 6352
3650 6351
3651 6350
3652 6349
3653 6348
3654 6347
3655 6346
3656 6345
3657 6344
3658 6343
3659 6342
3660 6341
3661 6340
3662 6339
3663 6338
3664 6337
3665 6336
3666 6335
3667 6334
3668 6333
3669 6332
3670 6331
3671 6330
3672 6329
3673 6328
3674 6327
3675 6326
3676 6325
3677 6324
3678 6323
3679 6322
3680 6321
3681 6320
3682 6319
3683 6318
3684 6317
3685 6316
3686 6315
3687 6314
3688 6313
3689 6312
3690 6311
3691 6310
3692 6309
3693 6308
3694 6307
3695 6306
3696 6305
3697 6304
3698 6303
3699 6302
3700 6301
3701 6300
3702 6299
3703 6298
3704 6297
3705 6296
3706 6295
3707 6294
3708 6293
3709 6292
3710 6291
3711 6290
3712 6289
3713 6288
3714 6287
3715 6286
3716 6285
3717 6284
3718 6283
3719 6282
3720 6281
3721 6280
3722 6279
3723 6278
3724 6277
3725 6276
3726 6275
3727 6274
3728 6273
3729 6272
3730 6271
3731 6270
3732 6269
3733 6268
3734 6267
3735 6266
3736 6265
3737 6264
3738 6263
3739 6262
3740 6261
3741 6260
3742 6259
3743 6258
3744 6257
3745 6256
3746 6255
3747 6254
3748 6253
3749 6252
3750 6251
3751 6250
3752 6249
3753 6248
3754 6247
3755 6246
3756 6245
3757 6244
3758 6243
3759 6242
3760 6241
3761 6240
3762 6239
3763 6238
3764 6237
3765 6236
3766 6235
3767 6234
3768 6233
3769 6232
3770 6231
3771 6230
3772 6229
3773 6228
3774 6227
3775 6226
3776 6225
3777 6224
3778 6223
3779 6222
3780 6221
3781 6220
3782 6219
3783 6218
3784 6217
3785 6216
3786 6215
3787 6214
3788 6213
3789 6212
3790 6211
3791 6210
3792 6209
3793 6208
3794 6207
3795 6206
3796 6205
3797 6204
3798 6203
3799 6202
3800 6201
3801 6200
3802 6199
3803 6198
3804 6197
3805 6196
3806 6195
3807 6194
3808 6193
3809 6192
3810 6191
3811 6190
3812 6189
3813 6188
3814 6187
3815 6186
3816 6185
3817 6184
3818 6183
3819 6182
3820 6181
3821 6180
3822 6179
3823 6178
3824 6177
3825 6176
3826 6175
3827 6174
3828 6173
3829 6172
3830 6171
3831 6170
3832 6169
3833 6168
3834 6167
3835 6166
3836 6165
3837 6164
3838 6163
3839 6162
3840 6161
3841 6160
3842 6159
3843 6158
3844 6157
3845 6156
3846 6155
3847 6154
3848 6153
3849 6152
3850 6151
3851 6150
3852 6149
3853 6148
3854 6147
3855 6146
3856 6145
3857 6144
3858 6143
3859 6142
3860 6141
3861 6140
3862 6139
3863 6138
3864 6137
3865 6136
3866 6135
3867 6134
3868 6133
3869 6132
3870 6131
3871 6130
3872 6129
3873 6128
3874 6127
3875 6126
3876 6125
3877 6124
3878 6123
3879 6122
3880 6121
3881 6120
3882 6119
3883 6118
3884 6117
3885 6116
3886 6115
3887 6114
3888 6113
3889 6112
3890 6111
3891 6110
3892 6109
3893 6108
3894 6107
3895 6106
3896 6105
3897 6104
3898 6103
3899 6102
3900 6101
3901 6100
3902 6099
3903 6098
3904 6097
3905 6096
3906 6095
3907 6094
3908 6093
3909 6092
3910 6091
3911 6090
3912 6089
3913 6088
3914 6087
3915 6086
3916 6085
3917 6084
3918 6083
3919 6082
3920 6081
3921 6080
3922 6079
3923 6078
3924 6077
3925 6076
3926 6075
3927 6074
3928 6073
3929 6072
3930 6071
3931 6070
3932 6069
3933 6068
3934 6067
3935 6066
3936 6065
3937 6064
3938 6063
3939 6062
3940 6061
3941 6060
3942 6059
3943 6058
3944 6057
3945 6056
3946 6055
3947 6054
3948 6053
3949 6052
3950 6051
3951 6050
3952 6049
3953 6048
3954 6047
3955 6046
3956 6045
3957 6044
3958 6043
3959 6042
3960 6041
3961 6040
3962 6039
3963 6038
3964 6037
3965 6036
3966 6035
3967 6034
3968 6033
3969 6032
3970 6031
3971 6030
3972 6029
3973 6028
3974 6027
3975 6026
3976 6025
3977 6024
3978 6023
3979 6022
3980 6021
3981 6020
3982 6019
3983 6018
3984 6017
3985 6016
3986 6015
3987 6014
3988 6013
3989 6012
3990 6011
3991 6010
3992 6009
3993 6008
3994 6007
3995 6006
3996 6005
3997 6004
3998 6003
3999 6002
4000 6001
4001 6000
4002 5999
4003 5998
4004 5997
4005 5996
4006 5995
4007 5994
4008 5993
4009 5992
4010 5991
4011 5990
4012 5989
4013 5988
4014 5987
4015 5986
4016 5985
4017 5984
4018 5983
4019 5982
4020 5981
4021 5980
4022 5979
4023 5978
4024 5977
4025 5976
4026 5975
4027 5974
4028 5973
4029 5972
4030 5971
4031 5970
4032 5969
4033 5968
4034 5967
4035 5966
4036 5965
4037 5964
4038 5963
4039 5962
4040 5961
4041 5960
4042 5959
4043 5958
4044 5957
4045 5956
4046 5955
4047 5954
4048 5953
4049 5952
4050 5951
4051 5950
4052 5949
4053 5948
4054 5947
4055 5946
4056 5945
4057 5944
4058 5943
4059 5942
4060 5941
4061 5940
4062 5939
4063 5938
4064 5937
4065 5936
4066 5935
4067 5934
4068 5933
4069 5932
4070 5931
4071 5930
4072 5929
4073 5928
4074 5927
4075 5926
4076 5925
4077 5924
4078 5923
4079 5922
4080 5921
4081 5920
4082 5919
4083 5918
4084 5917
4085 5916
4086 5915
4087 5914
4088 5913
4089 5912
4090 5911
4091 5910
4092 5909
4093 5908
4094 5907
4095 5906
4096 5905
4097 5904
4098 5903
4099 5902
4100 5901
4101 5900
4102 5899
4103 5898
4104 5897
4105 5896
4106 5895
4107 5894
4108 5893
4109 5892
4110 5891
4111 5890
4112 5889
4113 5888
4114 5887
4115 5886
4116 5885
4117 5884
4118 5883
4119 5882
4120 5881
4121 5880
4122 5879
4123 5878
4124 5877
4125 5876
4126 5875
4127 5874
4128 5873
4129 5872
4130 5871
4131 5870
4132 5869
4133 5868
4134 5867
4135 5866
4136 5865
4137 5864
4138 5863
4139 5862
4140 5861
4141 5860
4142 5859
4143 5858
4144 5857
4145 5856
4146 5855
4147 5854
4148 5853
4149 5852
4150 5851
4151 5850
4152 5849
4153 5848
4154 5847
4155 5846
4156 5845
4157 5844
4158 5843
4159 5842
4160 5841
4161 5840
4162 5839
4163 5838
4164 5837
4165 5836
4166 5835
4167 5834
4168 5833
4169 5832
4170 5831
4171 5830
4172 5829
4173 5828
4174 5827
4175 5826
4176 5825
4177 5824
4178 5823
4179 5822
4180 5821
4181 5820
4182 5819
4183 5818
4184 5817
4185 5816
4186 5815
4187 5814
4188 5813
4189 5812
4190 5811
4191 5810
4192 5809
4193 5808
4194 5807
4195 5806
4196 5805
4197 5804
4198 5803
4199 5802
4200 5801
4201 5800
4202 5799
4203 5798
4204 5797
4205 5796
4206 5795
4207 5794
4208 5793
4209 5792
4210 5791
4211 5790
4212 5789
4213 5788
4214 5787
4215 5786
4216 5785
4217 5784
4218 5783
4219 5782
4220 5781
4221 5780
4222 5779
4223 5778
4224 5777
4225 5776
4226 5775
4227 5774
4228 5773
4229 5772
4230 5771
4231 5770
4232 5769
4233 5768
4234 5767
4235 5766
4236 5765
4237 5764
4238 5763
4239 5762
4240 5761
4241 5760
4242 5759
4243 5758
4244 5757
4245 5756
4246 5755
4247 5754
4248 5753
4249 5752
4250 5751
4251 5750
4252 5749
4253 5748
4254 5747
4255 5746
4256 5745
4257 5744
4258 5743
4259 5742
4260 5741
4261 5740
4262 5739
4263 5738
4264 5737
4265 5736
4266 5735
4267 5734
4268 5733
4269 5732
4270 5731
4271 5730
4272 5729
4273 5728
4274 5727
4275 5726
4276 5725
4277 5724
4278 5723
4279 5722
4280 5721
4281 5720
4282 5719
4283 5718
4284 5717
4285 5716
4286 5715
4287 5714
4288 5713
4289 5712
4290 5711
4291 5710
4292 5709
4293 5708
4294 5707
4295 5706
4296 5705
4297 5704
4298 5703
4299 5702
4300 5701
4301 5700
4302 5699
4303 5698
4304 5697
4305 5696
4306 5695
4307 5694
4308 5693
4309 5692
4310 5691
4311 5690
4312 5689
4313 5688
4314 5687
4315 5686
4316 5685
4317 5684
4318 5683
4319 5682
4320 5681
4321 5680
4322 5679
4323 5678
4324 5677
4325 5676
4326 5675
4327 5674
4328 5673
4329 5672
4330 5671
4331 5670
4332 5669
4333 5668
4334 5667
4335 5666
4336 5665
4337 5664
4338 5663
4339 5662
4340 5661
4341 5660
4342 5659
4343 5658
4344 5657
4345 5656
4346 5655
4347 5654
4348 5653
4349 5652
4350 5651
4351 5650
4352 5649
4353 5648
4354 5647
4355 5646
4356 5645
4357 5644
4358 5643
4359 5642
4360 5641
4361 5640
4362 5639
4363 5638
4364 5637
4365 5636
4366 5635
4367 5634
4368 5633
4369 5632
4370 5631
4371 5630
4372 5629
4373 5628
4374 5627
4375 5626
4376 5625
4377 5624
4378 5623
4379 5622
4380 5621
4381 5620
4382 5619
4383 5618
4384 5617
4385 5616
4386 5615
4387 5614
4388 5613
4389 5612
4390 5611
4391 5610
4392 5609
4393 5608
4394 5607
4395 5606
4396 5605
4397 5604
4398 5603
4399 5602
4400 5601
4401 5600
4402 5599
4403 5598
4404 5597
4405 5596
4406 5595
4407 5594
4408 5593
4409 5592
4410 5591
4411 5590
4412 5589
4413 5588
4414 5587
4415 5586
4416 5585
4417 5584
4418 5583
4419 5582
4420 5581
4421 5580
4422 5579
4423 5578
4424 5577
4425 5576
4426 5575
4427 5574
4428 5573
4429 5572
4430 5571
4431 5570
4432 5569
4433 5568
4434 5567
4435 5566
4436 5565
4437 5564
4438 5563
4439 5562
4440 5561
4441 5560
4442 5559
4443 5558
4444 5557
4445 5556
4446 5555
4447 5554
4448 5553
4449 5552
4450 5551
4451 5550
4452 5549
4453 5548
4454 5547
4455 5546
4456 5545
4457 5544
4458 5543
4459 5542
4460 5541
4461 5540
4462 5539
4463 5538
4464 5537
4465 5536
4466 5535
4467 5534
4468 5533
4469 5532
4470 5531
4471 5530
4472 5529
4473 5528
4474 5527
4475 5526
4476 5525
4477 5524
4478 5523
4479 5522
4480 5521
4481 5520
4482 5519
4483 5518
4484 5517
4485 5516
4486 5515
4487 5514
4488 5513
4489 5512
4490 5511
4491 5510
4492 5509
4493 5508
4494 5507
4495 5506
4496 5505
4497 5504
4498 5503
4499 5502
4500 5501
4501 5500
4502 5499
4503 5498
4504 5497
4505 5496
4506 5495
4507 5494
4508 5493
4509 5492
4510 5491
4511 5490
4512 5489
4513 5488
4514 5487
4515 5486
4516 5485
4517 5484
4518 5483
4519 5482
4520 5481
4521 5480
4522 5479
4523 5478
4524 5477
4525 5476
4526 5475
4527 5474
4528 5473
4529 5472
4530 5471
4531 5470
4532 5469
4533 5468
4534 5467
4535 5466
4536 5465
4537 5464
4538 5463
4539 5462
4540 5461
4541 5460
4542 5459
4543 5458
4544 5457
4545 5456
4546 5455
4547 5454
4548 5453
4549 5452
4550 5451
4551 5450
4552 5449
4553 5448
4554 5447
4555 5446
4556 5445
4557 5444
4558 5443
4559 5442
4560 5441
4561 5440
4562 5439
4563 5438
4564 5437
4565 5436
4566 5435
4567 5434
4568 5433
4569 5432
4570 5431
4571 5430
4572 5429
4573 5428
4574 5427
4575 5426
4576 5425
4577 5424
4578 5423
4579 5422
4580 5421
4581 5420
4582 5419
4583 5418
4584 5417
4585 5416
4586 5415
4587 5414
4588 5413
4589 5412
4590 5411
4591 5410
4592 5409
4593 5408
4594 5407
4595 5406
4596 5405
4597 5404
4598 5403
4599 5402
4600 5401
4601 5400
4602 5399
4603 5398
4604 5397
4605 5396
4606 5395
4607 5394
4608 5393
4609 5392
4610 5391
4611 5390
4612 5389
4613 5388
4614 5387
4615 5386
4616 5385
4617 5384
4618 5383
4619 5382
4620 5381
4621 5380
4622 5379
4623 5378
4624 5377
4625 5376
4626 5375
4627 5374
4628 5373
4629 5372
4630 5371
4631 5370
4632 5369
4633 5368
4634 5367
4635 5366
4636 5365
4637 5364
4638 5363
4639 5362
4640 5361
4641 5360
4642 5359
4643 5358
4644 5357
4645 5356
4646 5355
4647 5354
4648 5353
4649 5352
4650 5351
4651 5350
4652 5349
4653 5348
4654 5347
4655 5346
4656 5345
4657 5344
4658 5343
4659 5342
4660 5341
4661 5340
4662 5339
4663 5338
4664 5337
4665 5336
4666 5335
4667 5334
4668 5333
4669 5332
4670 5331
4671 5330
4672 5329
4673 5328
4674 5327
4675 5326
4676 5325
4677 5324
4678 5323
4679 5322
4680 5321
4681 5320
4682 5319
4683 5318
4684 5317
4685 5316
4686 5315
4687 5314
4688 5313
4689 5312
4690 5311
4691 5310
4692 5309
4693 5308
4694 5307
4695 5306
4696 5305
4697 5304
4698 5303
4699 5302
4700 5301
4701 5300
4702 5299
4703 5298
4704 5297
4705 5296
4706 5295
4707 5294
4708 5293
4709 5292
4710 5291
4711 5290
4712 5289
4713 5288
4714 5287
4715 5286
4716 5285
4717 5284
4718 5283
4719 5282
4720 5281
4721 5280
4722 5279
4723 5278
4724 5277
4725 5276
4726 5275
4727 5274
4728 5273
4729 5272
4730 5271
4731 5270
4732 5269
4733 5268
4734 5267
4735 5266
4736 5265
4737 5264
4738 5263
4739 5262
4740 5261
4741 5260
4742 5259
4743 5258
4744 5257
4745 5256
4746 5255
4747 5254
4748 5253
4749 5252
4750 5251
4751 5250
4752 5249
4753 5248
4754 5247
4755 5246
4756 5245
4757 5244
4758 5243
4759 5242
4760 5241
4761 5240
4762 5239
4763 5238
4764 5237
4765 5236
4766 5235
4767 5234
4768 5233
4769 5232
4770 5231
4771 5230
4772 5229
4773 5228
4774 5227
4775 5226
4776 5225
4777 5224
4778 5223
4779 5222
4780 5221
4781 5220
4782 5219
4783 5218
4784 5217
4785 5216
4786 5215
4787 5214
4788 5213
4789 5212
4790 5211
4791 5210
4792 5209
4793 5208
4794 5207
4795 5206
4796 5205
4797 5204
4798 5203
4799 5202
4800 5201
4801 5200
4802 5199
4803 5198
4804 5197
4805 5196
4806 5195
4807 5194
4808 5193
4809 5192
4810 5191
4811 5190
4812 5189
4813 5188
4814 5187
4815 5186
4816 5185
4817 5184
4818 5183
4819 5182
4820 5181
4821 5180
4822 5179
4823 5178
4824 5177
4825 5176
4826 5175
4827 5174
4828 5173
4829 5172
4830 5171
4831 5170
4832 5169
4833 5168
4834 5167
4835 5166
4836 5165
4837 5164
4838 5163
4839 5162
4840 5161
4841 5160
4842 5159
4843 5158
4844 5157
4845 5156
4846 5155
4847 5154
4848 5153
4849 5152
4850 5151
4851 5150
4852 5149
4853 5148
4854 5147
4855 5146
4856 5145
4857 5144
4858 5143
4859 5142
4860 5141
4861 5140
4862 5139
4863 5138
4864 5137
4865 5136
4866 5135
4867 5134
4868 5133
4869 5132
4870 5131
4871 5130
4872 5129
4873 5128
4874 5127
4875 5126
4876 5125
4877 5124
4878 5123
4879 5122
4880 5121
4881 5120
4882 5119
4883 5118
4884 5117
4885 5116
4886 5115
4887 5114
4888 5113
4889 5112
4890 5111
4891 5110
4892 5109
4893 5108
4894 5107
4895 5106
4896 5105
4897 5104
4898 5103
4899 5102
4900 5101
4901 5100
4902 5099
4903 5098
4904 5097
4905 5096
4906 5095
4907 5094
4908 5093
4909 5092
4910 5091
4911 5090
4912 5089
4913 5088
4914 5087
4915 5086
4916 5085
4917 5084
4918 5083
4919 5082
4920 5081
4921 5080
4922 5079
4923 5078
4924 5077
4925 5076
4926 5075
4927 5074
4928 5073
4929 5072
4930 5071
4931 5070
4932 5069
4933 5068
4934 5067
4935 5066
4936 5065
4937 5064
4938 5063
4939 5062
4940 5061
4941 5060
4942 5059
4943 5058
4944 5057
4945 5056
4946 5055
4947 5054
4948 5053
4949 5052
4950 5051
4951 5050
4952 5049
4953 5048
4954 5047
4955 5046
4956 5045
4957 5044
4958 5043
4959 5042
4960 5041
4961 5040
4962 5039
4963 5038
4964 5037
4965 5036
4966 5035
4967 5034
4968 5033
4969 5032
4970 5031
4971 5030
4972 5029
4973 5028
4974 5027
4975 5026
4976 5025
4977 5024
4978 5023
4979 5022
4980 5021
4981 5020
4982 5019
4983 5018
4984 5017
4985 5016
4986 5015
4987 5014
4988 5013
4989 5012
4990 5011
4991 5010
4992 5009
4993 5008
4994 5007
4995 5006
4996 5005
4997 5004
4998 5003
4999 5002
5000 5001
5001 5000
5002 4999
5003 4998
5004 4997
5005 4996
5006 4995
5007 4994
5008 4993
5009 4992
5010 4991
5011 4990
5012 4989
5013 4988
5014 4987
5015 4986
5016 4985
5017 4984
5018 4983
5019 4982
5020 4981
5021 4980
5022 4979
5023 4978
5024 4977
5025 4976
5026 4975
5027 4974
5028 4973
5029 4972
5030 4971
5031 4970
5032 4969
5033 4968
5034 4967
5035 4966
5036 4965
5037 4964
5038 4963
5039 4962
5040 4961
5041 4960
5042 4959
5043 4958
5044 4957
5045 4956
5046 4955
5047 4954
5048 4953
5049 4952
5050 4951
5051 4950
5052 4949
5053 4948
5054 4947
5055 4946
5056 4945
5057 4944
5058 4943
5059 4942
5060 4941
5061 4940
5062 4939
5063 4938
5064 4937
5065 4936
5066 4935
5067 4934
5068 4933
5069 4932
5070 4931
5071 4930
5072 4929
5073 4928
5074 4927
5075 4926
5076 4925
5077 4924
5078 4923
5079 4922
5080 4921
5081 4920
5082 4919
5083 4918
5084 4917
5085 4916
5086 4915
5087 4914
5088 4913
5089 4912
5090 4911
5091 4910
5092 4909
5093 4908
5094 4907
5095 4906
5096 4905
5097 4904
5098 4903
5099 4902
5100 4901
5101 4900
5102 4899
5103 4898
5104 4897
5105 4896
5106 4895
5107 4894
5108 4893
5109 4892
5110 4891
5111 4890
5112 4889
5113 4888
5114 4887
5115 4886
5116 4885
5117 4884
5118 4883
5119 4882
5120 4881
5121 4880
5122 4879
5123 4878
5124 4877
5125 4876
5126 4875
5127 4874
5128 4873
5129 4872
5130 4871
5131 4870
5132 4869
5133 4868
5134 4867
5135 4866
5136 4865
5137 4864
5138 4863
5139 4862
5140 4861
5141 4860
5142 4859
5143 4858
5144 4857
5145 4856
5146 4855
5147 4854
5148 4853
5149 4852
5150 4851
5151 4850
5152 4849
5153 4848
5154 4847
5155 4846
5156 4845
5157 4844
5158 4843
5159 4842
5160 4841
5161 4840
5162 4839
5163 4838
5164 4837
5165 4836
5166 4835
5167 4834
5168 4833
5169 4832
5170 4831
5171 4830
5172 4829
5173 4828
5174 4827
5175 4826
5176 4825
5177 4824
5178 4823
5179 4822
5180 4821
5181 4820
5182 4819
5183 4818
5184 4817
5185 4816
5186 4815
5187 4814
5188 4813
5189 4812
5190 4811
5191 4810
5192 4809
5193 4808
5194 4807
5195 4806
5196 4805
5197 4804
5198 4803
5199 4802
5200 4801
5201 4800
5202 4799
5203 4798
5204 4797
5205 4796
5206 4795
5207 4794
5208 4793
5209 4792
5210 4791
5211 4790
5212 4789
5213 4788
5214 4787
5215 4786
5216 4785
5217 4784
5218 4783
5219 4782
5220 4781
5221 4780
5222 4779
5223 4778
5224 4777
5225 4776
5226 4775
5227 4774
5228 4773
5229 4772
5230 4771
5231 4770
5232 4769
5233 4768
5234 4767
5235 4766
5236 4765
5237 4764
5238 4763
5239 4762
5240 4761
5241 4760
5242 4759
5243 4758
5244 4757
5245 4756
5246 4755
5247 4754
5248 4753
5249 4752
5250 4751
5251 4750
5252 4749
5253 4748
5254 4747
5255 4746
5256 4745
5257 4744
5258 4743
5259 4742
5260 4741
5261 4740
5262 4739
5263 4738
5264 4737
5265 4736
5266 4735
5267 4734
5268 4733
5269 4732
5270 4731
5271 4730
5272 4729
5273 4728
5274 4727
5275 4726
5276 4725
5277 4724
5278 4723
5279 4722
5280 4721
5281 4720
5282 4719
5283 4718
5284 4717
5285 4716
5286 4715
5287 4714
5288 4713
5289 4712
5290 4711
5291 4710
5292 4709
5293 4708
5294 4707
5295 4706
5296 4705
5297 4704
5298 4703
5299 4702
5300 4701
5301 4700
5302 4699
5303 4698
5304 4697
5305 4696
5306 4695
5307 4694
5308 4693
5309 4692
5310 4691
5311 4690
5312 4689
5313 4688
5314 4687
5315 4686
5316 4685
5317 4684
5318 4683
5319 4682
5320 4681
5321 4680
5322 4679
5323 4678
5324 4677
5325 4676
5326 4675
5327 4674
5328 4673
5329 4672
5330 4671
5331 4670
5332 4669
5333 4668
5334 4667
5335 4666
5336 4665
5337 4664
5338 4663
5339 4662
5340 4661
5341 4660
5342 4659
5343 4658
5344 4657
5345 4656
5346 4655
5347 4654
5348 4653
5349 4652
5350 4651
5351 4650
5352 4649
5353 4648
5354 4647
5355 4646
5356 4645
5357 4644
5358 4643
5359 4642
5360 4641
5361 4640
5362 4639
5363 4638
5364 4637
5365 4636
5366 4635
5367 4634
5368 4633
5369 4632
5370 4631
5371 4630
5372 4629
5373 4628
5374 4627
5375 4626
5376 4625
5377 4624
5378 4623
5379 4622
5380 4621
5381 4620
5382 4619
5383 4618
5384 4617
5385 4616
5386 4615
5387 4614
5388 4613
5389 4612
5390 4611
5391 4610
5392 4609
5393 4608
5394 4607
5395 4606
5396 4605
5397 4604
5398 4603
5399 4602
5400 4601
5401 4600
5402 4599
5403 4598
5404 4597
5405 4596
5406 4595
5407 4594
5408 4593
5409 4592
5410 4591
5411 4590
5412 4589
5413 4588
5414 4587
5415 4586
5416 4585
5417 4584
5418 4583
5419 4582
5420 4581
5421 4580
5422 4579
5423 4578
5424 4577
5425 4576
5426 4575
5427 4574
5428 4573
5429 4572
5430 4571
5431 4570
5432 4569
5433 4568
5434 4567
5435 4566
5436 4565
5437 4564
5438 4563
5439 4562
5440 4561
5441 4560
5442 4559
5443 4558
5444 4557
5445 4556
5446 4555
5447 4554
5448 4553
5449 4552
5450 4551
5451 4550
5452 4549
5453 4548
5454 4547
5455 4546
5456 4545
5457 4544
5458 4543
5459 4542
5460 4541
5461 4540
5462 4539
5463 4538
5464 4537
5465 4536
5466 4535
5467 4534
5468 4533
5469 4532
5470 4531
5471 4530
5472 4529
5473 4528
5474 4527
5475 4526
5476 4525
5477 4524
5478 4523
5479 4522
5480 4521
5481 4520
5482 4519
5483 4518
5484 4517
5485 4516
5486 4515
5487 4514
5488 4513
5489 4512
5490 4511
5491 4510
5492 4509
5493 4508
5494 4507
5495 4506
5496 4505
5497 4504
5498 4503
5499 4502
5500 4501
5501 4500
5502 4499
5503 4498
5504 4497
5505 4496
5506 4495
5507 4494
5508 4493
5509 4492
5510 4491
5511 4490
5512 4489
5513 4488
5514 4487
5515 4486
5516 4485
5517 4484
5518 4483
5519 4482
5520 4481
5521 4480
5522 4479
5523 4478
5524 4477
5525 4476
5526 4475
5527 4474
5528 4473
5529 4472
5530 4471
5531 4470
5532 4469
5533 4468
5534 4467
5535 4466
5536 4465
5537 4464
5538 4463
5539 4462
5540 4461
5541 4460
5542 4459
5543 4458
5544 4457
5545 4456
5546 4455
5547 4454
5548 4453
5549 4452
5550 4451
5551 4450
5552 4449
5553 4448
5554 4447
5555 4446
5556 4445
5557 4444
5558 4443
5559 4442
5560 4441
5561 4440
5562 4439
5563 4438
5564 4437
5565 4436
5566 4435
5567 4434
5568 4433
5569 4432
5570 4431
5571 4430
5572 4429
5573 4428
5574 4427
5575 4426
5576 4425
5577 4424
5578 4423
5579 4422
5580 4421
5581 4420
5582 4419
5583 4418
5584 4417
5585 4416
5586 4415
5587 4414
5588 4413
5589 4412
5590 4411
5591 4410
5592 4409
5593 4408
5594 4407
5595 4406
5596 4405
5597 4404
5598 4403
5599 4402
5600 4401
5601 4400
5602 4399
5603 4398
5604 4397
5605 4396
5606 4395
5607 4394
5608 4393
5609 4392
5610 4391
5611 4390
5612 4389
5613 4388
5614 4387
5615 4386
5616 4385
5617 4384
5618 4383
5619 4382
5620 4381
5621 4380
5622 4379
5623 4378
5624 4377
5625 4376
5626 4375
5627 4374
5628 4373
5629 4372
5630 4371
5631 4370
5632 4369
5633 4368
5634 4367
5635 4366
5636 4365
5637 4364
5638 4363
5639 4362
5640 4361
5641 4360
5642 4359
5643 4358
5644 4357
5645 4356
5646 4355
5647 4354
5648 4353
5649 4352
5650 4351
5651 4350
5652 4349
5653 4348
5654 4347
5655 4346
5656 4345
5657 4344
5658 4343
5659 4342
5660 4341
5661 4340
5662 4339
5663 4338
5664 4337
5665 4336
5666 4335
5667 4334
5668 4333
5669 4332
5670 4331
5671 4330
5672 4329
5673 4328
5674 4327
5675 4326
5676 4325
5677 4324
5678 4323
5679 4322
5680 4321
5681 4320
5682 4319
5683 4318
5684 4317
5685 4316
5686 4315
5687 4314
5688 4313
5689 4312
5690 4311
5691 4310
5692 4309
5693 4308
5694 4307
5695 4306
5696 4305
5697 4304
5698 4303
5699 4302
5700 4301
5701 4300
5702 4299
5703 4298
5704 4297
5705 4296
5706 4295
5707 4294
5708 4293
5709 4292
5710 4291
5711 4290
5712 4289
5713 4288
5714 4287
5715 4286
5716 4285
5717 4284
5718 4283
5719 4282
5720 4281
5721 4280
5722 4279
5723 4278
5724 4277
5725 4276
5726 4275
5727 4274
5728 4273
5729 4272
5730 4271
5731 4270
5732 4269
5733 4268
5734 4267
5735 4266
5736 4265
5737 4264
5738 4263
5739 4262
5740 4261
5741 4260
5742 4259
5743 4258
5744 4257
5745 4256
5746 4255
5747 4254
5748 4253
5749 4252
5750 4251
5751 4250
5752 4249
5753 4248
5754 4247
5755 4246
5756 4245
5757 4244
5758 4243
5759 4242
5760 4241
5761 4240
5762 4239
5763 4238
5764 4237
5765 4236
5766 4235
5767 4234
5768 4233
5769 4232
5770 4231
5771 4230
5772 4229
5773 4228
5774 4227
5775 4226
5776 4225
5777 4224
5778 4223
5779 4222
5780 4221
5781 4220
5782 4219
5783 4218
5784 4217
5785 4216
5786 4215
5787 4214
5788 4213
5789 4212
5790 4211
5791 4210
5792 4209
5793 4208
5794 4207
5795 4206
5796 4205
5797 4204
5798 4203
5799 4202
5800 4201
5801 4200
5802 4199
5803 4198
5804 4197
5805 4196
5806 4195
5807 4194
5808 4193
5809 4192
5810 4191
5811 4190
5812 4189
5813 4188
5814 4187
5815 4186
5816 4185
5817 4184
5818 4183
5819 4182
5820 4181
5821 4180
5822 4179
5823 4178
5824 4177
5825 4176
5826 4175
5827 4174
5828 4173
5829 4172
5830 4171
5831 4170
5832 4169
5833 4168
5834 4167
5835 4166
5836 4165
5837 4164
5838 4163
5839 4162
5840 4161
5841 4160
5842 4159
5843 4158
5844 4157
5845 4156
5846 4155
5847 4154
5848 4153
5849 4152
5850 4151
5851 4150
5852 4149
5853 4148
5854 4147
5855 4146
5856 4145
5857 4144
5858 4143
5859 4142
5860 4141
5861 4140
5862 4139
5863 4138
5864 4137
5865 4136
5866 4135
5867 4134
5868 4133
5869 4132
5870 4131
5871 4130
5872 4129
5873 4128
5874 4127
5875 4126
5876 4125
5877 4124
5878 4123
5879 4122
5880 4121
5881 4120
5882 4119
5883 4118
5884 4117
5885 4116
5886 4115
5887 4114
5888 4113
5889 4112
5890 4111
5891 4110
5892 4109
5893 4108
5894 4107
5895 4106
5896 4105
5897 4104
5898 4103
5899 4102
5900 4101
5901 4100
5902 4099
5903 4098
5904 4097
5905 4096
5906 4095
5907 4094
5908 4093
5909 4092
5910 4091
5911 4090
5912 4089
5913 4088
5914 4087
5915 4086
5916 4085
5917 4084
5918 4083
5919 4082
5920 4081
5921 4080
5922 4079
5923 4078
5924 4077
5925 4076
5926 4075
5927 4074
5928 4073
5929 4072
5930 4071
5931 4070
5932 4069
5933 4068
5934 4067
5935 4066
5936 4065
5937 4064
5938 4063
5939 4062
5940 4061
5941 4060
5942 4059
5943 4058
5944 4057
5945 4056
5946 4055
5947 4054
5948 4053
5949 4052
5950 4051
5951 4050
5952 4049
5953 4048
5954 4047
5955 4046
5956 4045
5957 4044
5958 4043
5959 4042
5960 4041
5961 4040
5962 4039
5963 4038
5964 4037
5965 4036
5966 4035
5967 4034
5968 4033
5969 4032
5970 4031
5971 4030
5972 4029
5973 4028
5974 4027
5975 4026
5976 4025
5977 4024
5978 4023
5979 4022
5980 4021
5981 4020
5982 4019
5983 4018
5984 4017
5985 4016
5986 4015
5987 4014
5988 4013
5989 4012
5990 4011
5991 4010
5992 4009
5993 4008
5994 4007
5995 4006
5996 4005
5997 4004
5998 4003
5999 4002
6000 4001
6001 4000
6002 3999
6003 3998
6004 3997
6005 3996
6006 3995
6007 3994
6008 3993
6009 3992
6010 3991
6011 3990
6012 3989
6013 3988
6014 3987
6015 3986
6016 3985
6017 3984
6018 3983
6019 3982
6020 3981
6021 3980
6022 3979
6023 3978
6024 3977
6025 3976
6026 3975
6027 3974
6028 3973
6029 3972
6030 3971
6031 3970
6032 3969
6033 3968
6034 3967
6035 3966
6036 3965
6037 3964
6038 3963
6039 3962
6040 3961
6041 3960
6042 3959
6043 3958
6044 3957
6045 3956
6046 3955
6047 3954
6048 3953
6049 3952
6050 3951
6051 3950
6052 3949
6053 3948
6054 3947
6055 3946
6056 3945
6057 3944
6058 3943
6059 3942
6060 3941
6061 3940
6062 3939
6063 3938
6064 3937
6065 3936
6066 3935
6067 3934
6068 3933
6069 3932
6070 3931
6071 3930
6072 3929
6073 3928
6074 3927
6075 3926
6076 3925
6077 3924
6078 3923
6079 3922
6080 3921
6081 3920
6082 3919
6083 3918
6084 3917
6085 3916
6086 3915
6087 3914
6088 3913
6089 3912
6090 3911
6091 3910
6092 3909
6093 3908
6094 3907
6095 3906
6096 3905
6097 3904
6098 3903
6099 3902
6100 3901
6101 3900
6102 3899
6103 3898
6104 3897
6105 3896
6106 3895
6107 3894
6108 3893
6109 3892
6110 3891
6111 3890
6112 3889
6113 3888
6114 3887
6115 3886
6116 3885
6117 3884
6118 3883
6119 3882
6120 3881
6121 3880
6122 3879
6123 3878
6124 3877
6125 3876
6126 3875
6127 3874
6128 3873
6129 3872
6130 3871
6131 3870
6132 3869
6133 3868
6134 3867
6135 3866
6136 3865
6137 3864
6138 3863
6139 3862
6140 3861
6141 3860
6142 3859
6143 3858
6144 3857
6145 3856
6146 3855
6147 3854
6148 3853
6149 3852
6150 3851
6151 3850
6152 3849
6153 3848
6154 3847
6155 3846
6156 3845
6157 3844
6158 3843
6159 3842
6160 3841
6161 3840
6162 3839
6163 3838
6164 3837
6165 3836
6166 3835
6167 3834
6168 3833
6169 3832
6170 3831
6171 3830
6172 3829
6173 3828
6174 3827
6175 3826
6176 3825
6177 3824
6178 3823
6179 3822
6180 3821
6181 3820
6182 3819
6183 3818
6184 3817
6185 3816
6186 3815
6187 3814
6188 3813
6189 3812
6190 3811
6191 3810
6192 3809
6193 3808
6194 3807
6195 3806
6196 3805
6197 3804
6198 3803
6199 3802
6200 3801
6201 3800
6202 3799
6203 3798
6204 3797
6205 3796
6206 3795
6207 3794
6208 3793
6209 3792
6210 3791
6211 3790
6212 3789
6213 3788
6214 3787
6215 3786
6216 3785
6217 3784
6218 3783
6219 3782
6220 3781
6221 3780
6222 3779
6223 3778
6224 3777
6225 3776
6226 3775
6227 3774
6228 3773
6229 3772
6230 3771
6231 3770
6232 3769
6233 3768
6234 3767
6235 3766
6236 3765
6237 3764
6238 3763
6239 3762
6240 3761
6241 3760
6242 3759
6243 3758
6244 3757
6245 3756
6246 3755
6247 3754
6248 3753
6249 3752
6250 3751
6251 3750
6252 3749
6253 3748
6254 3747
6255 3746
6256 3745
6257 3744
6258 3743
6259 3742
6260 3741
6261 3740
6262 3739
6263 3738
6264 3737
6265 3736
6266 3735
6267 3734
6268 3733
6269 3732
6270 3731
6271 3730
6272 3729
6273 3728
6274 3727
6275 3726
6276 3725
6277 3724
6278 3723
6279 3722
6280 3721
6281 3720
6282 3719
6283 3718
6284 3717
6285 3716
6286 3715
6287 3714
6288 3713
6289 3712
6290 3711
6291 3710
6292 3709
6293 3708
6294 3707
6295 3706
6296 3705
6297 3704
6298 3703
6299 3702
6300 3701
6301 3700
6302 3699
6303 3698
6304 3697
6305 3696
6306 3695
6307 3694
6308 3693
6309 3692
6310 3691
6311 3690
6312 3689
6313 3688
6314 3687
6315 3686
6316 3685
6317 3684
6318 3683
6319 3682
6320 3681
6321 3680
6322 3679
6323 3678
6324 3677
6325 3676
6326 3675
6327 3674
6328 3673
6329 3672
6330 3671
6331 3670
6332 3669
6333 3668
6334 3667
6335 3666
6336 3665
6337 3664
6338 3663
6339 3662
6340 3661
6341 3660
6342 3659
6343 3658
6344 3657
6345 3656
6346 3655
6347 3654
6348 3653
6349 3652
6350 3651
6351 3650
6352 3649
6353 3648
6354 3647
6355 3646
6356 3645
6357 3644
6358 3643
6359 3642
6360 3641
6361 3640
6362 3639
6363 3638
6364 3637
6365 3636
6366 3635
6367 3634
6368 3633
6369 3632
6370 3631
6371 3630
6372 3629
6373 3628
6374 3627
6375 3626
6376 3625
6377 3624
6378 3623
6379 3622
6380 3621
6381 3620
6382 3619
6383 3618
6384 3617
6385 3616
6386 3615
6387 3614
6388 3613
6389 3612
6390 3611
6391 3610
6392 3609
6393 3608
6394 3607
6395 3606
6396 3605
6397 3604
6398 3603
6399 3602
6400 3601
6401 3600
6402 3599
6403 3598
6404 3597
6405 3596
6406 3595
6407 3594
6408 3593
6409 3592
6410 3591
6411 3590
6412 3589
6413 3588
6414 3587
6415 3586
6416 3585
6417 3584
6418 3583
6419 3582
6420 3581
6421 3580
6422 3579
6423 3578
6424 3577
6425 3576
6426 3575
6427 3574
6428 3573
6429 3572
6430 3571
6431 3570
6432 3569
6433 3568
6434 3567
6435 3566
6436 3565
6437 3564
6438 3563
6439 3562
6440 3561
6441 3560
6442 3559
6443 3558
6444 3557
6445 3556
6446 3555
6447 3554
6448 3553
6449 3552
6450 3551
6451 3550
6452 3549
6453 3548
6454 3547
6455 3546
6456 3545
6457 3544
6458 3543
6459 3542
6460 3541
6461 3540
6462 3539
6463 3538
6464 3537
6465 3536
6466 3535
6467 3534
6468 3533
6469 3532
6470 3531
6471 3530
6472 3529
6473 3528
6474 3527
6475 3526
6476 3525
6477 3524
6478 3523
6479 3522
6480 3521
6481 3520
6482 3519
6483 3518
6484 3517
6485 3516
6486 3515
6487 3514
6488 3513
6489 3512
6490 3511
6491 3510
6492 3509
6493 3508
6494 3507
6495 3506
6496 3505
6497 3504
6498 3503
6499 3502
6500 3501
6501 3500
6502 3499
6503 3498
6504 3497
6505 3496
6506 3495
6507 3494
6508 3493
6509 3492
6510 3491
6511 3490
6512 3489
6513 3488
6514 3487
6515 3486
6516 3485
6517 3484
6518 3483
6519 3482
6520 3481
6521 3480
6522 3479
6523 3478
6524 3477
6525 3476
6526 3475
6527 3474
6528 3473
6529 3472
6530 3471
6531 3470
6532 3469
6533 3468
6534 3467
6535 3466
6536 3465
6537 3464
6538 3463
6539 3462
6540 3461
6541 3460
6542 3459
6543 3458
6544 3457
6545 3456
6546 3455
6547 3454
6548 3453
6549 3452
6550 3451
6551 3450
6552 3449
6553 3448
6554 3447
6555 3446
6556 3445
6557 3444
6558 3443
6559 3442
6560 3441
6561 3440
6562 3439
6563 3438
6564 3437
6565 3436
6566 3435
6567 3434
6568 3433
6569 3432
6570 3431
6571 3430
6572 3429
6573 3428
6574 3427
6575 3426
6576 3425
6577 3424
6578 3423
6579 3422
6580 3421
6581 3420
6582 3419
6583 3418
6584 3417
6585 3416
6586 3415
6587 3414
6588 3413
6589 3412
6590 3411
6591 3410
6592 3409
6593 3408
6594 3407
6595 3406
6596 3405
6597 3404
6598 3403
6599 3402
6600 3401
6601 3400
6602 3399
6603 3398
6604 3397
6605 3396
6606 3395
6607 3394
6608 3393
6609 3392
6610 3391
6611 3390
6612 3389
6613 3388
6614 3387
6615 3386
6616 3385
6617 3384
6618 3383
6619 3382
6620 3381
6621 3380
6622 3379
6623 3378
6624 3377
6625 3376
6626 3375
6627 3374
6628 3373
6629 3372
6630 3371
6631 3370
6632 3369
6633 3368
6634 3367
6635 3366
6636 3365
6637 3364
6638 3363
6639 3362
6640 3361
6641 3360
6642 3359
6643 3358
6644 3357
6645 3356
6646 3355
6647 3354
6648 3353
6649 3352
6650 3351
6651 3350
6652 3349
6653 3348
6654 3347
6655 3346
6656 3345
6657 3344
6658 3343
6659 3342
6660 3341
6661 3340
6662 3339
6663 3338
6664 3337
6665 3336
6666 3335
6667 3334
6668 3333
6669 3332
6670 3331
6671 3330
6672 3329
6673 3328
6674 3327
6675 3326
6676 3325
6677 3324
6678 3323
6679 3322
6680 3321
6681 3320
6682 3319
6683 3318
6684 3317
6685 3316
6686 3315
6687 3314
6688 3313
6689 3312
6690 3311
6691 3310
6692 3309
6693 3308
6694 3307
6695 3306
6696 3305
6697 3304
6698 3303
6699 3302
6700 3301
6701 3300
6702 3299
6703 3298
6704 3297
6705 3296
6706 3295
6707 3294
6708 3293
6709 3292
6710 3291
6711 3290
6712 3289
6713 3288
6714 3287
6715 3286
6716 3285
6717 3284
6718 3283
6719 3282
6720 3281
6721 3280
6722 3279
6723 3278
6724 3277
6725 3276
6726 3275
6727 3274
6728 3273
6729 3272
6730 3271
6731 3270
6732 3269
6733 3268
6734 3267
6735 3266
6736 3265
6737 3264
6738 3263
6739 3262
6740 3261
6741 3260
6742 3259
6743 3258
6744 3257
6745 3256
6746 3255
6747 3254
6748 3253
6749 3252
6750 3251
6751 3250
6752 3249
6753 3248
6754 3247
6755 3246
6756 3245
6757 3244
6758 3243
6759 3242
6760 3241
6761 3240
6762 3239
6763 3238
6764 3237
6765 3236
6766 3235
6767 3234
6768 3233
6769 3232
6770 3231
6771 3230
6772 3229
6773 3228
6774 3227
6775 3226
6776 3225
6777 3224
6778 3223
6779 3222
6780 3221
6781 3220
6782 3219
6783 3218
6784 3217
6785 3216
6786 3215
6787 3214
6788 3213
6789 3212
6790 3211
6791 3210
6792 3209
6793 3208
6794 3207
6795 3206
6796 3205
6797 3204
6798 3203
6799 3202
6800 3201
6801 3200
6802 3199
6803 3198
6804 3197
6805 3196
6806 3195
6807 3194
6808 3193
6809 3192
6810 3191
6811 3190
6812 3189
6813 3188
6814 3187
6815 3186
6816 3185
6817 3184
6818 3183
6819 3182
6820 3181
6821 3180
6822 3179
6823 3178
6824 3177
6825 3176
6826 3175
6827 3174
6828 3173
6829 3172
6830 3171
6831 3170
6832 3169
6833 3168
6834 3167
6835 3166
6836 3165
6837 3164
6838 3163
6839 3162
6840 3161
6841 3160
6842 3159
6843 3158
6844 3157
6845 3156
6846 3155
6847 3154
6848 3153
6849 3152
6850 3151
6851 3150
6852 3149
6853 3148
6854 3147
6855 3146
6856 3145
6857 3144
6858 3143
6859 3142
6860 3141
6861 3140
6862 3139
6863 3138
6864 3137
6865 3136
6866 3135
6867 3134
6868 3133
6869 3132
6870 3131
6871 3130
6872 3129
6873 3128
6874 3127
6875 3126
6876 3125
6877 3124
6878 3123
6879 3122
6880 3121
6881 3120
6882 3119
6883 3118
6884 3117
6885 3116
6886 3115
6887 3114
6888 3113
6889 3112
6890 3111
6891 3110
6892 3109
6893 3108
6894 3107
6895 3106
6896 3105
6897 3104
6898 3103
6899 3102
6900 3101
6901 3100
6902 3099
6903 3098
6904 3097
6905 3096
6906 3095
6907 3094
6908 3093
6909 3092
6910 3091
6911 3090
6912 3089
6913 3088
6914 3087
6915 3086
6916 3085
6917 3084
6918 3083
6919 3082
6920 3081
6921 3080
6922 3079
6923 3078
6924 3077
6925 3076
6926 3075
6927 3074
6928 3073
6929 3072
6930 3071
6931 3070
6932 3069
6933 3068
6934 3067
6935 3066
6936 3065
6937 3064
6938 3063
6939 3062
6940 3061
6941 3060
6942 3059
6943 3058
6944 3057
6945 3056
6946 3055
6947 3054
6948 3053
6949 3052
6950 3051
6951 3050
6952 3049
6953 3048
6954 3047
6955 3046
6956 3045
6957 3044
6958 3043
6959 3042
6960 3041
6961 3040
6962 3039
6963 3038
6964 3037
6965 3036
6966 3035
6967 3034
6968 3033
6969 3032
6970 3031
6971 3030
6972 3029
6973 3028
6974 3027
6975 3026
6976 3025
6977 3024
6978 3023
6979 3022
6980 3021
6981 3020
6982 3019
6983 3018
6984 3017
6985 3016
6986 3015
6987 3014
6988 3013
6989 3012
6990 3011
6991 3010
6992 3009
6993 3008
6994 3007
6995 3006
6996 3005
6997 3004
6998 3003
6999 3002
7000 3001
7001 3000
7002 2999
7003 2998
7004 2997
7005 2996
7006 2995
7007 2994
7008 2993
7009 2992
7010 2991
7011 2990
7012 2989
7013 2988
7014 2987
7015 2986
7016 2985
7017 2984
7018 2983
7019 2982
7020 2981
7021 2980
7022 2979
7023 2978
7024 2977
7025 2976
7026 2975
7027 2974
7028 2973
7029 2972
7030 2971
7031 2970
7032 2969
7033 2968
7034 2967
7035 2966
7036 2965
7037 2964
7038 2963
7039 2962
7040 2961
7041 2960
7042 2959
7043 2958
7044 2957
7045 2956
7046 2955
7047 2954
7048 2953
7049 2952
7050 2951
7051 2950
7052 2949
7053 2948
7054 2947
7055 2946
7056 2945
7057 2944
7058 2943
7059 2942
7060 2941
7061 2940
7062 2939
7063 2938
7064 2937
7065 2936
7066 2935
7067 2934
7068 2933
7069 2932
7070 2931
7071 2930
7072 2929
7073 2928
7074 2927
7075 2926
7076 2925
7077 2924
7078 2923
7079 2922
7080 2921
7081 2920
7082 2919
7083 2918
7084 2917
7085 2916
7086 2915
7087 2914
7088 2913
7089 2912
7090 2911
7091 2910
7092 2909
7093 2908
7094 2907
7095 2906
7096 2905
7097 2904
7098 2903
7099 2902
7100 2901
7101 2900
7102 2899
7103 2898
7104 2897
7105 2896
7106 2895
7107 2894
7108 2893
7109 2892
7110 2891
7111 2890
7112 2889
7113 2888
7114 2887
7115 2886
7116 2885
7117 2884
7118 2883
7119 2882
7120 2881
7121 2880
7122 2879
7123 2878
7124 2877
7125 2876
7126 2875
7127 2874
7128 2873
7129 2872
7130 2871
7131 2870
7132 2869
7133 2868
7134 2867
7135 2866
7136 2865
7137 2864
7138 2863
7139 2862
7140 2861
7141 2860
7142 2859
7143 2858
7144 2857
7145 2856
7146 2855
7147 2854
7148 2853
7149 2852
7150 2851
7151 2850
7152 2849
7153 2848
7154 2847
7155 2846
7156 2845
7157 2844
7158 2843
7159 2842
7160 2841
7161 2840
7162 2839
7163 2838
7164 2837
7165 2836
7166 2835
7167 2834
7168 2833
7169 2832
7170 2831
7171 2830
7172 2829
7173 2828
7174 2827
7175 2826
7176 2825
7177 2824
7178 2823
7179 2822
7180 2821
7181 2820
7182 2819
7183 2818
7184 2817
7185 2816
7186 2815
7187 2814
7188 2813
7189 2812
7190 2811
7191 2810
7192 2809
7193 2808
7194 2807
7195 2806
7196 2805
7197 2804
7198 2803
7199 2802
7200 2801
7201 2800
7202 2799
7203 2798
7204 2797
7205 2796
7206 2795
7207 2794
7208 2793
7209 2792
7210 2791
7211 2790
7212 2789
7213 2788
7214 2787
7215 2786
7216 2785
7217 2784
7218 2783
7219 2782
7220 2781
7221 2780
7222 2779
7223 2778
7224 2777
7225 2776
7226 2775
7227 2774
7228 2773
7229 2772
7230 2771
7231 2770
7232 2769
7233 2768
7234 2767
7235 2766
7236 2765
7237 2764
7238 2763
7239 2762
7240 2761
7241 2760
7242 2759
7243 2758
7244 2757
7245 2756
7246 2755
7247 2754
7248 2753
7249 2752
7250 2751
7251 2750
7252 2749
7253 2748
7254 2747
7255 2746
7256 2745
7257 2744
7258 2743
7259 2742
7260 2741
7261 2740
7262 2739
7263 2738
7264 2737
7265 2736
7266 2735
7267 2734
7268 2733
7269 2732
7270 2731
7271 2730
7272 2729
7273 2728
7274 2727
7275 2726
7276 2725
7277 2724
7278 2723
7279 2722
7280 2721
7281 2720
7282 2719
7283 2718
7284 2717
7285 2716
7286 2715
7287 2714
7288 2713
7289 2712
7290 2711
7291 2710
7292 2709
7293 2708
7294 2707
7295 2706
7296 2705
7297 2704
7298 2703
7299 2702
7300 2701
7301 2700
7302 2699
7303 2698
7304 2697
7305 2696
7306 2695
7307 2694
7308 2693
7309 2692
7310 2691
7311 2690
7312 2689
7313 2688
7314 2687
7315 2686
7316 2685
7317 2684
7318 2683
7319 2682
7320 2681
7321 2680
7322 2679
7323 2678
7324 2677
7325 2676
7326 2675
7327 2674
7328 2673
7329 2672
7330 2671
7331 2670
7332 2669
7333 2668
7334 2667
7335 2666
7336 2665
7337 2664
7338 2663
7339 2662
7340 2661
7341 2660
7342 2659
7343 2658
7344 2657
7345 2656
7346 2655
7347 2654
7348 2653
7349 2652
7350 2651
7351 2650
7352 2649
7353 2648
7354 2647
7355 2646
7356 2645
7357 2644
7358 2643
7359 2642
7360 2641
7361 2640
7362 2639
7363 2638
7364 2637
7365 2636
7366 2635
7367 2634
7368 2633
7369 2632
7370 2631
7371 2630
7372 2629
7373 2628
7374 2627
7375 2626
7376 2625
7377 2624
7378 2623
7379 2622
7380 2621
7381 2620
7382 2619
7383 2618
7384 2617
7385 2616
7386 2615
7387 2614
7388 2613
7389 2612
7390 2611
7391 2610
7392 2609
7393 2608
7394 2607
7395 2606
7396 2605
7397 2604
7398 2603
7399 2602
7400 2601
7401 2600
7402 2599
7403 2598
7404 2597
7405 2596
7406 2595
7407 2594
7408 2593
7409 2592
7410 2591
7411 2590
7412 2589
7413 2588
7414 2587
7415 2586
7416 2585
7417 2584
7418 2583
7419 2582
7420 2581
7421 2580
7422 2579
7423 2578
7424 2577
7425 2576
7426 2575
7427 2574
7428 2573
7429 2572
7430 2571
7431 2570
7432 2569
7433 2568
7434 2567
7435 2566
7436 2565
7437 2564
7438 2563
7439 2562
7440 2561
7441 2560
7442 2559
7443 2558
7444 2557
7445 2556
7446 2555
7447 2554
7448 2553
7449 2552
7450 2551
7451 2550
7452 2549
7453 2548
7454 2547
7455 2546
7456 2545
7457 2544
7458 2543
7459 2542
7460 2541
7461 2540
7462 2539
7463 2538
7464 2537
7465 2536
7466 2535
7467 2534
7468 2533
7469 2532
7470 2531
7471 2530
7472 2529
7473 2528
7474 2527
7475 2526
7476 2525
7477 2524
7478 2523
7479 2522
7480 2521
7481 2520
7482 2519
7483 2518
7484 2517
7485 2516
7486 2515
7487 2514
7488 2513
7489 2512
7490 2511
7491 2510
7492 2509
7493 2508
7494 2507
7495 2506
7496 2505
7497 2504
7498 2503
7499 2502
7500 2501
7501 2500
7502 2499
7503 2498
7504 2497
7505 2496
7506 2495
7507 2494
7508 2493
7509 2492
7510 2491
7511 2490
7512 2489
7513 2488
7514 2487
7515 2486
7516 2485
7517 2484
7518 2483
7519 2482
7520 2481
7521 2480
7522 2479
7523 2478
7524 2477
7525 2476
7526 2475
7527 2474
7528 2473
7529 2472
7530 2471
7531 2470
7532 2469
7533 2468
7534 2467
7535 2466
7536 2465
7537 2464
7538 2463
7539 2462
7540 2461
7541 2460
7542 2459
7543 2458
7544 2457
7545 2456
7546 2455
7547 2454
7548 2453
7549 2452
7550 2451
7551 2450
7552 2449
7553 2448
7554 2447
7555 2446
7556 2445
7557 2444
7558 2443
7559 2442
7560 2441
7561 2440
7562 2439
7563 2438
7564 2437
7565 2436
7566 2435
7567 2434
7568 2433
7569 2432
7570 2431
7571 2430
7572 2429
7573 2428
7574 2427
7575 2426
7576 2425
7577 2424
7578 2423
7579 2422
7580 2421
7581 2420
7582 2419
7583 2418
7584 2417
7585 2416
7586 2415
7587 2414
7588 2413
7589 2412
7590 2411
7591 2410
7592 2409
7593 2408
7594 2407
7595 2406
7596 2405
7597 2404
7598 2403
7599 2402
7600 2401
7601 2400
7602 2399
7603 2398
7604 2397
7605 2396
7606 2395
7607 2394
7608 2393
7609 2392
7610 2391
7611 2390
7612 2389
7613 2388
7614 2387
7615 2386
7616 2385
7617 2384
7618 2383
7619 2382
7620 2381
7621 2380
7622 2379
7623 2378
7624 2377
7625 2376
7626 2375
7627 2374
7628 2373
7629 2372
7630 2371
7631 2370
7632 2369
7633 2368
7634 2367
7635 2366
7636 2365
7637 2364
7638 2363
7639 2362
7640 2361
7641 2360
7642 2359
7643 2358
7644 2357
7645 2356
7646 2355
7647 2354
7648 2353
7649 2352
7650 2351
7651 2350
7652 2349
7653 2348
7654 2347
7655 2346
7656 2345
7657 2344
7658 2343
7659 2342
7660 2341
7661 2340
7662 2339
7663 2338
7664 2337
7665 2336
7666 2335
7667 2334
7668 2333
7669 2332
7670 2331
7671 2330
7672 2329
7673 2328
7674 2327
7675 2326
7676 2325
7677 2324
7678 2323
7679 2322
7680 2321
7681 2320
7682 2319
7683 2318
7684 2317
7685 2316
7686 2315
7687 2314
7688 2313
7689 2312
7690 2311
7691 2310
7692 2309
7693 2308
7694 2307
7695 2306
7696 2305
7697 2304
7698 2303
7699 2302
7700 2301
7701 2300
7702 2299
7703 2298
7704 2297
7705 2296
7706 2295
7707 2294
7708 2293
7709 2292
7710 2291
7711 2290
7712 2289
7713 2288
7714 2287
7715 2286
7716 2285
7717 2284
7718 2283
7719 2282
7720 2281
7721 2280
7722 2279
7723 2278
7724 2277
7725 2276
7726 2275
7727 2274
7728 2273
7729 2272
7730 2271
7731 2270
7732 2269
7733 2268
7734 2267
7735 2266
7736 2265
7737 2264
7738 2263
7739 2262
7740 2261
7741 2260
7742 2259
7743 2258
7744 2257
7745 2256
7746 2255
7747 2254
7748 2253
7749 2252
7750 2251
7751 2250
7752 2249
7753 2248
7754 2247
7755 2246
7756 2245
7757 2244
7758 2243
7759 2242
7760 2241
7761 2240
7762 2239
7763 2238
7764 2237
7765 2236
7766 2235
7767 2234
7768 2233
7769 2232
7770 2231
7771 2230
7772 2229
7773 2228
7774 2227
7775 2226
7776 2225
7777 2224
7778 2223
7779 2222
7780 2221
7781 2220
7782 2219
7783 2218
7784 2217
7785 2216
7786 2215
7787 2214
7788 2213
7789 2212
7790 2211
7791 2210
7792 2209
7793 2208
7794 2207
7795 2206
7796 2205
7797 2204
7798 2203
7799 2202
7800 2201
7801 2200
7802 2199
7803 2198
7804 2197
7805 2196
7806 2195
7807 2194
7808 2193
7809 2192
7810 2191
7811 2190
7812 2189
7813 2188
7814 2187
7815 2186
7816 2185
7817 2184
7818 2183
7819 2182
7820 2181
7821 2180
7822 2179
7823 2178
7824 2177
7825 2176
7826 2175
7827 2174
7828 2173
7829 2172
7830 2171
7831 2170
7832 2169
7833 2168
7834 2167
7835 2166
7836 2165
7837 2164
7838 2163
7839 2162
7840 2161
7841 2160
7842 2159
7843 2158
7844 2157
7845 2156
7846 2155
7847 2154
7848 2153
7849 2152
7850 2151
7851 2150
7852 2149
7853 2148
7854 2147
7855 2146
7856 2145
7857 2144
7858 2143
7859 2142
7860 2141
7861 2140
7862 2139
7863 2138
7864 2137
7865 2136
7866 2135
7867 2134
7868 2133
7869 2132
7870 2131
7871 2130
7872 2129
7873 2128
7874 2127
7875 2126
7876 2125
7877 2124
7878 2123
7879 2122
7880 2121
7881 2120
7882 2119
7883 2118
7884 2117
7885 2116
7886 2115
7887 2114
7888 2113
7889 2112
7890 2111
7891 2110
7892 2109
7893 2108
7894 2107
7895 2106
7896 2105
7897 2104
7898 2103
7899 2102
7900 2101
7901 2100
7902 2099
7903 2098
7904 2097
7905 2096
7906 2095
7907 2094
7908 2093
7909 2092
7910 2091
7911 2090
7912 2089
7913 2088
7914 2087
7915 2086
7916 2085
7917 2084
7918 2083
7919 2082
7920 2081
7921 2080
7922 2079
7923 2078
7924 2077
7925 2076
7926 2075
7927 2074
7928 2073
7929 2072
7930 2071
7931 2070
7932 2069
7933 2068
7934 2067
7935 2066
7936 2065
7937 2064
7938 2063
7939 2062
7940 2061
7941 2060
7942 2059
7943 2058
7944 2057
7945 2056
7946 2055
7947 2054
7948 2053
7949 2052
7950 2051
7951 2050
7952 2049
7953 2048
7954 2047
7955 2046
7956 2045
7957 2044
7958 2043
7959 2042
7960 2041
7961 2040
7962 2039
7963 2038
7964 2037
7965 2036
7966 2035
7967 2034
7968 2033
7969 2032
7970 2031
7971 2030
7972 2029
7973 2028
7974 2027
7975 2026
7976 2025
7977 2024
7978 2023
7979 2022
7980 2021
7981 2020
7982 2019
7983 2018
7984 2017
7985 2016
7986 2015
7987 2014
7988 2013
7989 2012
7990 2011
7991 2010
7992 2009
7993 2008
7994 2007
7995 2006
7996 2005
7997 2004
7998 2003
7999 2002
8000 2001
8001 2000
8002 1999
8003 1998
8004 1997
8005 1996
8006 1995
8007 1994
8008 1993
8009 1992
8010 1991
8011 1990
8012 1989
8013 1988
8014 1987
8015 1986
8016 1985
8017 1984
8018 1983
8019 1982
8020 1981
8021 1980
8022 1979
8023 1978
8024 1977
8025 1976
8026 1975
8027 1974
8028 1973
8029 1972
8030 1971
8031 1970
8032 1969
8033 1968
8034 1967
8035 1966
8036 1965
8037 1964
8038 1963
8039 1962
8040 1961
8041 1960
8042 1959
8043 1958
8044 1957
8045 1956
8046 1955
8047 1954
8048 1953
8049 1952
8050 1951
8051 1950
8052 1949
8053 1948
8054 1947
8055 1946
8056 1945
8057 1944
8058 1943
8059 1942
8060 1941
8061 1940
8062 1939
8063 1938
8064 1937
8065 1936
8066 1935
8067 1934
8068 1933
8069 1932
8070 1931
8071 1930
8072 1929
8073 1928
8074 1927
8075 1926
8076 1925
8077 1924
8078 1923
8079 1922
8080 1921
8081 1920
8082 1919
8083 1918
8084 1917
8085 1916
8086 1915
8087 1914
8088 1913
8089 1912
8090 1911
8091 1910
8092 1909
8093 1908
8094 1907
8095 1906
8096 1905
8097 1904
8098 1903
8099 1902
8100 1901
8101 1900
8102 1899
8103 1898
8104 1897
8105 1896
8106 1895
8107 1894
8108 1893
8109 1892
8110 1891
8111 1890
8112 1889
8113 1888
8114 1887
8115 1886
8116 1885
8117 1884
8118 1883
8119 1882
8120 1881
8121 1880
8122 1879
8123 1878
8124 1877
8125 1876
8126 1875
8127 1874
8128 1873
8129 1872
8130 1871
8131 1870
8132 1869
8133 1868
8134 1867
8135 1866
8136 1865
8137 1864
8138 1863
8139 1862
8140 1861
8141 1860
8142 1859
8143 1858
8144 1857
8145 1856
8146 1855
8147 1854
8148 1853
8149 1852
8150 1851
8151 1850
8152 1849
8153 1848
8154 1847
8155 1846
8156 1845
8157 1844
8158 1843
8159 1842
8160 1841
8161 1840
8162 1839
8163 1838
8164 1837
8165 1836
8166 1835
8167 1834
8168 1833
8169 1832
8170 1831
8171 1830
8172 1829
8173 1828
8174 1827
8175 1826
8176 1825
8177 1824
8178 1823
8179 1822
8180 1821
8181 1820
8182 1819
8183 1818
8184 1817
8185 1816
8186 1815
8187 1814
8188 1813
8189 1812
8190 1811
8191 1810
8192 1809
8193 1808
8194 1807
8195 1806
8196 1805
8197 1804
8198 1803
8199 1802
8200 1801
8201 1800
8202 1799
8203 1798
8204 1797
8205 1796
8206 1795
8207 1794
8208 1793
8209 1792
8210 1791
8211 1790
8212 1789
8213 1788
8214 1787
8215 1786
8216 1785
8217 1784
8218 1783
8219 1782
8220 1781
8221 1780
8222 1779
8223 1778
8224 1777
8225 1776
8226 1775
8227 1774
8228 1773
8229 1772
8230 1771
8231 1770
8232 1769
8233 1768
8234 1767
8235 1766
8236 1765
8237 1764
8238 1763
8239 1762
8240 1761
8241 1760
8242 1759
8243 1758
8244 1757
8245 1756
8246 1755
8247 1754
8248 1753
8249 1752
8250 1751
8251 1750
8252 1749
8253 1748
8254 1747
8255 1746
8256 1745
8257 1744
8258 1743
8259 1742
8260 1741
8261 1740
8262 1739
8263 1738
8264 1737
8265 1736
8266 1735
8267 1734
8268 1733
8269 1732
8270 1731
8271 1730
8272 1729
8273 1728
8274 1727
8275 1726
8276 1725
8277 1724
8278 1723
8279 1722
8280 1721
8281 1720
8282 1719
8283 1718
8284 1717
8285 1716
8286 1715
8287 1714
8288 1713
8289 1712
8290 1711
8291 1710
8292 1709
8293 1708
8294 1707
8295 1706
8296 1705
8297 1704
8298 1703
8299 1702
8300 1701
8301 1700
8302 1699
8303 1698
8304 1697
8305 1696
8306 1695
8307 1694
8308 1693
8309 1692
8310 1691
8311 1690
8312 1689
8313 1688
8314 1687
8315 1686
8316 1685
8317 1684
8318 1683
8319 1682
8320 1681
8321 1680
8322 1679
8323 1678
8324 1677
8325 1676
8326 1675
8327 1674
8328 1673
8329 1672
8330 1671
8331 1670
8332 1669
8333 1668
8334 1667
8335 1666
8336 1665
8337 1664
8338 1663
8339 1662
8340 1661
8341 1660
8342 1659
8343 1658
8344 1657
8345 1656
8346 1655
8347 1654
8348 1653
8349 1652
8350 1651
8351 1650
8352 1649
8353 1648
8354 1647
8355 1646
8356 1645
8357 1644
8358 1643
8359 1642
8360 1641
8361 1640
8362 1639
8363 1638
8364 1637
8365 1636
8366 1635
8367 1634
8368 1633
8369 1632
8370 1631
8371 1630
8372 1629
8373 1628
8374 1627
8375 1626
8376 1625
8377 1624
8378 1623
8379 1622
8380 1621
8381 1620
8382 1619
8383 1618
8384 1617
8385 1616
8386 1615
8387 1614
8388 1613
8389 1612
8390 1611
8391 1610
8392 1609
8393 1608
8394 1607
8395 1606
8396 1605
8397 1604
8398 1603
8399 1602
8400 1601
8401 1600
8402 1599
8403 1598
8404 1597
8405 1596
8406 1595
8407 1594
8408 1593
8409 1592
8410 1591
8411 1590
8412 1589
8413 1588
8414 1587
8415 1586
8416 1585
8417 1584
8418 1583
8419 1582
8420 1581
8421 1580
8422 1579
8423 1578
8424 1577
8425 1576
8426 1575
8427 1574
8428 1573
8429 1572
8430 1571
8431 1570
8432 1569
8433 1568
8434 1567
8435 1566
8436 1565
8437 1564
8438 1563
8439 1562
8440 1561
8441 1560
8442 1559
8443 1558
8444 1557
8445 1556
8446 1555
8447 1554
8448 1553
8449 1552
8450 1551
8451 1550
8452 1549
8453 1548
8454 1547
8455 1546
8456 1545
8457 1544
8458 1543
8459 1542
8460 1541
8461 1540
8462 1539
8463 1538
8464 1537
8465 1536
8466 1535
8467 1534
8468 1533
8469 1532
8470 1531
8471 1530
8472 1529
8473 1528
8474 1527
8475 1526
8476 1525
8477 1524
8478 1523
8479 1522
8480 1521
8481 1520
8482 1519
8483 1518
8484 1517
8485 1516
8486 1515
8487 1514
8488 1513
8489 1512
8490 1511
8491 1510
8492 1509
8493 1508
8494 1507
8495 1506
8496 1505
8497 1504
8498 1503
8499 1502
8500 1501
8501 1500
8502 1499
8503 1498
8504 1497
8505 1496
8506 1495
8507 1494
8508 1493
8509 1492
8510 1491
8511 1490
8512 1489
8513 1488
8514 1487
8515 1486
8516 1485
8517 1484
8518 1483
8519 1482
8520 1481
8521 1480
8522 1479
8523 1478
8524 1477
8525 1476
8526 1475
8527 1474
8528 1473
8529 1472
8530 1471
8531 1470
8532 1469
8533 1468
8534 1467
8535 1466
8536 1465
8537 1464
8538 1463
8539 1462
8540 1461
8541 1460
8542 1459
8543 1458
8544 1457
8545 1456
8546 1455
8547 1454
8548 1453
8549 1452
8550 1451
8551 1450
8552 1449
8553 1448
8554 1447
8555 1446
8556 1445
8557 1444
8558 1443
8559 1442
8560 1441
8561 1440
8562 1439
8563 1438
8564 1437
8565 1436
8566 1435
8567 1434
8568 1433
8569 1432
8570 1431
8571 1430
8572 1429
8573 1428
8574 1427
8575 1426
8576 1425
8577 1424
8578 1423
8579 1422
8580 1421
8581 1420
8582 1419
8583 1418
8584 1417
8585 1416
8586 1415
8587 1414
8588 1413
8589 1412
8590 1411
8591 1410
8592 1409
8593 1408
8594 1407
8595 1406
8596 1405
8597 1404
8598 1403
8599 1402
8600 1401
8601 1400
8602 1399
8603 1398
8604 1397
8605 1396
8606 1395
8607 1394
8608 1393
8609 1392
8610 1391
8611 1390
8612 1389
8613 1388
8614 1387
8615 1386
8616 1385
8617 1384
8618 1383
8619 1382
8620 1381
8621 1380
8622 1379
8623 1378
8624 1377
8625 1376
8626 1375
8627 1374
8628 1373
8629 1372
8630 1371
8631 1370
8632 1369
8633 1368
8634 1367
8635 1366
8636 1365
8637 1364
8638 1363
8639 1362
8640 1361
8641 1360
8642 1359
8643 1358
8644 1357
8645 1356
8646 1355
8647 1354
8648 1353
8649 1352
8650 1351
8651 1350
8652 1349
8653 1348
8654 1347
8655 1346
8656 1345
8657 1344
8658 1343
8659 1342
8660 1341
8661 1340
8662 1339
8663 1338
8664 1337
8665 1336
8666 1335
8667 1334
8668 1333
8669 1332
8670 1331
8671 1330
8672 1329
8673 1328
8674 1327
8675 1326
8676 1325
8677 1324
8678 1323
8679 1322
8680 1321
8681 1320
8682 1319
8683 1318
8684 1317
8685 1316
8686 1315
8687 1314
8688 1313
8689 1312
8690 1311
8691 1310
8692 1309
8693 1308
8694 1307
8695 1306
8696 1305
8697 1304
8698 1303
8699 1302
8700 1301
8701 1300
8702 1299
8703 1298
8704 1297
8705 1296
8706 1295
8707 1294
8708 1293
8709 1292
8710 1291
8711 1290
8712 1289
8713 1288
8714 1287
8715 1286
8716 1285
8717 1284
8718 1283
8719 1282
8720 1281
8721 1280
8722 1279
8723 1278
8724 1277
8725 1276
8726 1275
8727 1274
8728 1273
8729 1272
8730 1271
8731 1270
8732 1269
8733 1268
8734 1267
8735 1266
8736 1265
8737 1264
8738 1263
8739 1262
8740 1261
8741 1260
8742 1259
8743 1258
8744 1257
8745 1256
8746 1255
8747 1254
8748 1253
8749 1252
8750 1251
8751 1250
8752 1249
8753 1248
8754 1247
8755 1246
8756 1245
8757 1244
8758 1243
8759 1242
8760 1241
8761 1240
8762 1239
8763 1238
8764 1237
8765 1236
8766 1235
8767 1234
8768 1233
8769 1232
8770 1231
8771 1230
8772 1229
8773 1228
8774 1227
8775 1226
8776 1225
8777 1224
8778 1223
8779 1222
8780 1221
8781 1220
8782 1219
8783 1218
8784 1217
8785 1216
8786 1215
8787 1214
8788 1213
8789 1212
8790 1211
8791 1210
8792 1209
8793 1208
8794 1207
8795 1206
8796 1205
8797 1204
8798 1203
8799 1202
8800 1201
8801 1200
8802 1199
8803 1198
8804 1197
8805 1196
8806 1195
8807 1194
8808 1193
8809 1192
8810 1191
8811 1190
8812 1189
8813 1188
8814 1187
8815 1186
8816 1185
8817 1184
8818 1183
8819 1182
8820 1181
8821 1180
8822 1179
8823 1178
8824 1177
8825 1176
8826 1175
8827 1174
8828 1173
8829 1172
8830 1171
8831 1170
8832 1169
8833 1168
8834 1167
8835 1166
8836 1165
8837 1164
8838 1163
8839 1162
8840 1161
8841 1160
8842 1159
8843 1158
8844 1157
8845 1156
8846 1155
8847 1154
8848 1153
8849 1152
8850 1151
8851 1150
8852 1149
8853 1148
8854 1147
8855 1146
8856 1145
8857 1144
8858 1143
8859 1142
8860 1141
8861 1140
8862 1139
8863 1138
8864 1137
8865 1136
8866 1135
8867 1134
8868 1133
8869 1132
8870 1131
8871 1130
8872 1129
8873 1128
8874 1127
8875 1126
8876 1125
8877 1124
8878 1123
8879 1122
8880 1121
8881 1120
8882 1119
8883 1118
8884 1117
8885 1116
8886 1115
8887 1114
8888 1113
8889 1112
8890 1111
8891 1110
8892 1109
8893 1108
8894 1107
8895 1106
8896 1105
8897 1104
8898 1103
8899 1102
8900 1101
8901 1100
8902 1099
8903 1098
8904 1097
8905 1096
8906 1095
8907 1094
8908 1093
8909 1092
8910 1091
8911 1090
8912 1089
8913 1088
8914 1087
8915 1086
8916 1085
8917 1084
8918 1083
8919 1082
8920 1081
8921 1080
8922 1079
8923 1078
8924 1077
8925 1076
8926 1075
8927 1074
8928 1073
8929 1072
8930 1071
8931 1070
8932 1069
8933 1068
8934 1067
8935 1066
8936 1065
8937 1064
8938 1063
8939 1062
8940 1061
8941 1060
8942 1059
8943 1058
8944 1057
8945 1056
8946 1055
8947 1054
8948 1053
8949 1052
8950 1051
8951 1050
8952 1049
8953 1048
8954 1047
8955 1046
8956 1045
8957 1044
8958 1043
8959 1042
8960 1041
8961 1040
8962 1039
8963 1038
8964 1037
8965 1036
8966 1035
8967 1034
8968 1033
8969 1032
8970 1031
8971 1030
8972 1029
8973 1028
8974 1027
8975 1026
8976 1025
8977 1024
8978 1023
8979 1022
8980 1021
8981 1020
8982 1019
8983 1018
8984 1017
8985 1016
8986 1015
8987 1014
8988 1013
8989 1012
8990 1011
8991 1010
8992 1009
8993 1008
8994 1007
8995 1006
8996 1005
8997 1004
8998 1003
8999 1002
9000 1001
9001 1000
9002 999
9003 998
9004 997
9005 996
9006 995
9007 994
9008 993
9009 992
9010 991
9011 990
9012 989
9013 988
9014 987
9015 986
9016 985
9017 984
9018 983
9019 982
9020 981
9021 980
9022 979
9023 978
9024 977
9025 976
9026 975
9027 974
9028 973
9029 972
9030 971
9031 970
9032 969
9033 968
9034 967
9035 966
9036 965
9037 964
9038 963
9039 962
9040 961
9041 960
9042 959
9043 958
9044 957
9045 956
9046 955
9047 954
9048 953
9049 952
9050 951
9051 950
9052 949
9053 948
9054 947
9055 946
9056 945
9057 944
9058 943
9059 942
9060 941
9061 940
9062 939
9063 938
9064 937
9065 936
9066 935
9067 934
9068 933
9069 932
9070 931
9071 930
9072 929
9073 928
9074 927
9075 926
9076 925
9077 924
9078 923
9079 922
9080 921
9081 920
9082 919
9083 918
9084 917
9085 916
9086 915
9087 914
9088 913
9089 912
9090 911
9091 910
9092 909
9093 908
9094 907
9095 906
9096 905
9097 904
9098 903
9099 902
9100 901
9101 900
9102 899
9103 898
9104 897
9105 896
9106 895
9107 894
9108 893
9109 892
9110 891
9111 890
9112 889
9113 888
9114 887
9115 886
9116 885
9117 884
9118 883
9119 882
9120 881
9121 880
9122 879
9123 878
9124 877
9125 876
9126 875
9127 874
9128 873
9129 872
9130 871
9131 870
9132 869
9133 868
9134 867
9135 866
9136 865
9137 864
9138 863
9139 862
9140 861
9141 860
9142 859
9143 858
9144 857
9145 856
9146 855
9147 854
9148 853
9149 852
9150 851
9151 850
9152 849
9153 848
9154 847
9155 846
9156 845
9157 844
9158 843
9159 842
9160 841
9161 840
9162 839
9163 838
9164 837
9165 836
9166 835
9167 834
9168 833
9169 832
9170 831
9171 830
9172 829
9173 828
9174 827
9175 826
9176 825
9177 824
9178 823
9179 822
9180 821
9181 820
9182 819
9183 818
9184 817
9185 816
9186 815
9187 814
9188 813
9189 812
9190 811
9191 810
9192 809
9193 808
9194 807
9195 806
9196 805
9197 804
9198 803
9199 802
9200 801
9201 800
9202 799
9203 798
9204 797
9205 796
9206 795
9207 794
9208 793
9209 792
9210 791
9211 790
9212 789
9213 788
9214 787
9215 786
9216 785
9217 784
9218 783
9219 782
9220 781
9221 780
9222 779
9223 778
9224 777
9225 776
9226 775
9227 774
9228 773
9229 772
9230 771
9231 770
9232 769
9233 768
9234 767
9235 766
9236 765
9237 764
9238 763
9239 762
9240 761
9241 760
9242 759
9243 758
9244 757
9245 756
9246 755
9247 754
9248 753
9249 752
9250 751
9251 750
9252 749
9253 748
9254 747
9255 746
9256 745
9257 744
9258 743
9259 742
9260 741
9261 740
9262 739
9263 738
9264 737
9265 736
9266 735
9267 734
9268 733
9269 732
9270 731
9271 730
9272 729
9273 728
9274 727
9275 726
9276 725
9277 724
9278 723
9279 722
9280 721
9281 720
9282 719
9283 718
9284 717
9285 716
9286 715
9287 714
9288 713
9289 712
9290 711
9291 710
9292 709
9293 708
9294 707
9295 706
9296 705
9297 704
9298 703
9299 702
9300 701
9301 700
9302 699
9303 698
9304 697
9305 696
9306 695
9307 694
9308 693
9309 692
9310 691
9311 690
9312 689
9313 688
9314 687
9315 686
9316 685
9317 684
9318 683
9319 682
9320 681
9321 680
9322 679
9323 678
9324 677
9325 676
9326 675
9327 674
9328 673
9329 672
9330 671
9331 670
9332 669
9333 668
9334 667
9335 666
9336 665
9337 664
9338 663
9339 662
9340 661
9341 660
9342 659
9343 658
9344 657
9345 656
9346 655
9347 654
9348 653
9349 652
9350 651
9351 650
9352 649
9353 648
9354 647
9355 646
9356 645
9357 644
9358 643
9359 642
9360 641
9361 640
9362 639
9363 638
9364 637
9365 636
9366 635
9367 634
9368 633
9369 632
9370 631
9371 630
9372 629
9373 628
9374 627
9375 626
9376 625
9377 624
9378 623
9379 622
9380 621
9381 620
9382 619
9383 618
9384 617
9385 616
9386 615
9387 614
9388 613
9389 612
9390 611
9391 610
9392 609
9393 608
9394 607
9395 606
9396 605
9397 604
9398 603
9399 602
9400 601
9401 600
9402 599
9403 598
9404 597
9405 596
9406 595
9407 594
9408 593
9409 592
9410 591
9411 590
9412 589
9413 588
9414 587
9415 586
9416 585
9417 584
9418 583
9419 582
9420 581
9421 580
9422 579
9423 578
9424 577
9425 576
9426 575
9427 574
9428 573
9429 572
9430 571
9431 570
9432 569
9433 568
9434 567
9435 566
9436 565
9437 564
9438 563
9439 562
9440 561
9441 560
9442 559
9443 558
9444 557
9445 556
9446 555
9447 554
9448 553
9449 552
9450 551
9451 550
9452 549
9453 548
9454 547
9455 546
9456 545
9457 544
9458 543
9459 542
9460 541
9461 540
9462 539
9463 538
9464 537
9465 536
9466 535
9467 534
9468 533
9469 532
9470 531
9471 530
9472 529
9473 528
9474 527
9475 526
9476 525
9477 524
9478 523
9479 522
9480 521
9481 520
9482 519
9483 518
9484 517
9485 516
9486 515
9487 514
9488 513
9489 512
9490 511
9491 510
9492 509
9493 508
9494 507
9495 506
9496 505
9497 504
9498 503
9499 502
9500 501
9501 500
9502 499
9503 498
9504 497
9505 496
9506 495
9507 494
9508 493
9509 492
9510 491
9511 490
9512 489
9513 488
9514 487
9515 486
9516 485
9517 484
9518 483
9519 482
9520 481
9521 480
9522 479
9523 478
9524 477
9525 476
9526 475
9527 474
9528 473
9529 472
9530 471
9531 470
9532 469
9533 468
9534 467
9535 466
9536 465
9537 464
9538 463
9539 462
9540 461
9541 460
9542 459
9543 458
9544 457
9545 456
9546 455
9547 454
9548 453
9549 452
9550 451
9551 450
9552 449
9553 448
9554 447
9555 446
9556 445
9557 444
9558 443
9559 442
9560 441
9561 440
9562 439
9563 438
9564 437
9565 436
9566 435
9567 434
9568 433
9569 432
9570 431
9571 430
9572 429
9573 428
9574 427
9575 426
9576 425
9577 424
9578 423
9579 422
9580 421
9581 420
9582 419
9583 418
9584 417
9585 416
9586 415
9587 414
9588 413
9589 412
9590 411
9591 410
9592 409
9593 408
9594 407
9595 406
9596 405
9597 404
9598 403
9599 402
9600 401
9601 400
9602 399
9603 398
9604 397
9605 396
9606 395
9607 394
9608 393
9609 392
9610 391
9611 390
9612 389
9613 388
9614 387
9615 386
9616 385
9617 384
9618 383
9619 382
9620 381
9621 380
9622 379
9623 378
9624 377
9625 376
9626 375
9627 374
9628 373
9629 372
9630 371
9631 370
9632 369
9633 368
9634 367
9635 366
9636 365
9637 364
9638 363
9639 362
9640 361
9641 360
9642 359
9643 358
9644 357
9645 356
9646 355
9647 354
9648 353
9649 352
9650 351
9651 350
9652 349
9653 348
9654 347
9655 346
9656 345
9657 344
9658 343
9659 342
9660 341
9661 340
9662 339
9663 338
9664 337
9665 336
9666 335
9667 334
9668 333
9669 332
9670 331
9671 330
9672 329
9673 328
9674 327
9675 326
9676 325
9677 324
9678 323
9679 322
9680 321
9681 320
9682 319
9683 318
9684 317
9685 316
9686 315
9687 314
9688 313
9689 312
9690 311
9691 310
9692 309
9693 308
9694 307
9695 306
9696 305
9697 304
9698 303
9699 302
9700 301
9701 300
9702 299
9703 298
9704 297
9705 296
9706 295
9707 294
9708 293
9709 292
9710 291
9711 290
9712 289
9713 288
9714 287
9715 286
9716 285
9717 284
9718 283
9719 282
9720 281
9721 280
9722 279
9723 278
9724 277
9725 276
9726 275
9727 274
9728 273
9729 272
9730 271
9731 270
9732 269
9733 268
9734 267
9735 266
9736 265
9737 264
9738 263
9739 262
9740 261
9741 260
9742 259
9743 258
9744 257
9745 256
9746 255
9747 254
9748 253
9749 252
9750 251
9751 250
9752 249
9753 248
9754 247
9755 246
9756 245
9757 244
9758 243
9759 242
9760 241
9761 240
9762 239
9763 238
9764 237
9765 236
9766 235
9767 234
9768 233
9769 232
9770 231
9771 230
9772 229
9773 228
9774 227
9775 226
9776 225
9777 224
9778 223
9779 222
9780 221
9781 220
9782 219
9783 218
9784 217
9785 216
9786 215
9787 214
9788 213
9789 212
9790 211
9791 210
9792 209
9793 208
9794 207
9795 206
9796 205
9797 204
9798 203
9799 202
9800 201
9801 200
9802 199
9803 198
9804 197
9805 196
9806 195
9807 194
9808 193
9809 192
9810 191
9811 190
9812 189
9813 188
9814 187
9815 186
9816 185
9817 184
9818 183
9819 182
9820 181
9821 180
9822 179
9823 178
9824 177
9825 176
9826 175
9827 174
9828 173
9829 172
9830 171
9831 170
9832 169
9833 168
9834 167
9835 166
9836 165
9837 164
9838 163
9839 162
9840 161
9841 160
9842 159
9843 158
9844 157
9845 156
9846 155
9847 154
9848 153
9849 152
9850 151
9851 150
9852 149
9853 148
9854 147
9855 146
9856 145
9857 144
9858 143
9859 142
9860 141
9861 140
9862 139
9863 138
9864 137
9865 136
9866 135
9867 134
9868 133
9869 132
9870 131
9871 130
9872 129
9873 128
9874 127
9875 126
9876 125
9877 124
9878 123
9879 122
9880 121
9881 120
9882 119
9883 118
9884 117
9885 116
9886 115
9887 114
9888 113
9889 112
9890 111
9891 110
9892 109
9893 108
9894 107
9895 106
9896 105
9897 104
9898 103
9899 102
9900 101
9901 100
9902 99
9903 98
9904 97
9905 96
9906 95
9907 94
9908 93
9909 92
9910 91
9911 90
9912 89
9913 88
9914 87
9915 86
9916 85
9917 84
9918 83
9919 82
9920 81
9921 80
9922 79
9923 78
9924 77
9925 76
9926 75
9927 74
9928 73
9929 72
9930 71
9931 70
9932 69
9933 68
9934 67
9935 66
9936 65
9937 64
9938 63
9939 62
9940 61
9941 60
9942 59
9943 58
9944 57
9945 56
9946 55
9947 54
9948 53
9949 52
9950 51
9951 50
9952 49
9953 48
9954 47
9955 46
9956 45
9957 44
9958 43
9959 42
9960 41
9961 40
9962 39
9963 38
9964 37
9965 36
9966 35
9967 34
9968 33
9969 32
9970 31
9971 30
9972 29
9973 28
9974 27
9975 26
9976 25
9977 24
9978 23
9979 22
9980 21
9981 20
9982 19
9983 18
9984 17
9985 16
9986 15
9987 14
9988 13
9989 12
9990 11
9991 9998
9992 9
9993 10000
9994 7
9995 6
9996 5
9997 4
9998 3
9999 2
10000 9999
