1000
1 100000 .141592653589793238
2 255 .141592653589793238
3 15 .141592653589793238
4 976588 0.940684838249568610
5 348643 0.550523778278217190
6 857773 0.787662980736838160
7 274527 0.948754693789110700
8 936959 0.684661609313197750
9 355912 0.958670679362230830
10 948202 0.966138611937490070
11 177978 0.852579550475234370
12 589785 0.916817284888576170
13 228722 0.377017818616181780
14 801526 0.926969056030050640
15 293621 0.877056769716072380
16 152471 0.717425897027532120
17 638166 0.904557623794120080
18 471405 0.491415686900268930
19 277846 0.926808690374501530
20 795160 0.812815642062599490
21 290216 0.916841655688599100
22 62331 0.654936841807953530
23 183187 0.690732389775978170
24 318463 0.977161621858487210
25 491519 0.733949190412214400
26 757004 0.649894794635432200
27 470490 0.657492998529173530
28 912823 0.946719757614955300
29 622065 0.646036133659638300
30 188403 0.461338510554391960
31 23861 0.518806056710137020
32 548561 0.687636538949646830
33 588468 0.507989950819100700
34 326156 0.810068913524223390
35 275873 0.396352568987891010
36 39887 0.428682190586535950
37 260720 0.928620028300082390
38 425434 0.373085404834494870
39 556843 0.616334280512574000
40 391817 0.656434604162705830
41 700837 0.768359764646440290
42 605500 0.944906341846290520
43 294911 0.686816250329854490
44 27638 0.797580146414294090
45 278390 0.920243701616647810
46 105474 0.522636057266964940
47 98248 0.750371973605847290
48 525390 0.829684307039338040
49 245588 0.891403616259041520
50 753653 0.726631585636513750
51 759234 0.900576488861110410
52 894586 0.903383168402842270
53 417170 0.789520844923110140
54 581346 0.504199655463163370
55 965808 0.911171755127177190
56 841973 0.761717052103502820
57 466879 0.587977075628104640
58 646489 0.946473763428290040
59 823259 0.941767215564041080
60 276150 0.516508265983454560
61 769024 0.915397937320950320
62 977902 0.975565590966779530
63 196052 0.903265347876954560
64 645589 0.629607181756772990
65 572847 0.834255925961568390
66 802259 0.425508764208309910
67 454064 0.878955751508808890
68 597188 0.519484234059199190
69 291267 0.942880596046296480
70 228060 0.453196260485340340
71 116478 0.451917181908678130
72 57486 0.838222119753017410
73 518117 0.893414131244358420
74 311257 0.520292402623575120
75 835449 0.929230227775415860
76 718283 0.903788472939942800
77 694557 0.502934056138729210
78 47459 0.558675490986752070
79 523777 0.789782991926546220
80 799191 0.719166989773886380
81 435754 0.837188776976463430
82 326568 0.633464145881293180
83 504277 0.963450209829240340
84 928630 0.471408033722076850
85 87521 0.979872091572089650
86 835509 0.976185241854753420
87 91042 0.553297768836377710
88 229107 0.537386914127873980
89 79047 0.708933125479943140
90 767815 0.552331383173586650
91 929085 0.966905990352883050
92 916473 0.495291379241885040
93 376239 0.951081567320857250
94 408989 0.773665380801538240
95 581622 0.669003992550111000
96 801770 0.900854896659127440
97 969941 0.927654420389462220
98 109461 0.884797208196713480
99 163282 0.678206618122957460
100 245251 0.902832756340739120
101 355305 0.452325499618967180
102 385960 0.954781963027735550
103 47617 0.696448331040288690
104 965884 0.441541776093997200
105 766392 0.947317670298634120
106 392707 0.497807957880106460
107 931682 0.458357472967419410
108 976368 0.466178342818037770
109 56210 0.873484996071938190
110 527624 0.746201489415590390
111 65434 0.689119694402306580
112 498458 0.374500719013052210
113 146023 0.516612791960778920
114 23503 0.823622416240693100
115 191973 0.779835127997127620
116 261883 0.898081034481240660
117 473913 0.941191150396999300
118 309744 0.382241070802721850
119 308165 0.944716373887001800
120 77086 0.874582257348647140
121 367924 0.682277881479430910
122 186371 0.368522207572043570
123 953805 0.406721988604132560
124 974324 0.759597257748390490
125 95400 0.855121199502752230
126 80956 0.939937053261261650
127 571553 0.402396016296466820
128 994720 0.413374489007239500
129 406855 0.519405999510887950
130 323562 0.547411721154746790
131 98287 0.382494865511154300
132 499201 0.677219211229639350
133 426245 0.491601731048148800
134 74198 0.888788673613008510
135 818556 0.695440231556574310
136 982962 0.429646969731802610
137 712541 0.793289265183518720
138 11665 0.916475735089594460
139 916487 0.976171998748474380
140 880601 0.621488040296307660
141 976611 0.938838399476004670
142 760150 0.864899542726448760
143 912906 0.839816212195458100
144 769454 0.964271359790277560
145 425859 0.740670182386254040
146 994257 0.936879227012799690
147 621992 0.622873783443019800
148 193994 0.865496355878875970
149 82341 0.846575502028229400
150 867513 0.879580832784622400
151 767099 0.974529068334492040
152 228196 0.416983792027939730
153 302220 0.966044053199727970
154 355664 0.829701343088462000
155 554819 0.553323189994787470
156 239040 0.945354998548924020
157 262137 0.971183106941732710
158 752611 0.658297430659848140
159 592612 0.967948928381558330
160 408998 0.397753056711256550
161 179284 0.727197449234048610
162 537555 0.971999248912101650
163 292701 0.547156297419835960
164 196053 0.800918293501244770
165 158080 0.729268055207225600
166 370644 0.464449490311097280
167 21400 0.688168149310096290
168 327096 0.689849145167176880
169 947141 0.883542579504626340
170 439745 0.924778241779957160
171 850648 0.915655739145196600
172 916817 0.971675621191814280
173 998875 0.959749084467765750
174 915929 0.919057117480894360
175 113673 0.966999360827226370
176 180189 0.571240727352982150
177 177503 0.961041605408570200
178 79736 0.642020513956211740
179 842812 0.838305323129543090
180 374971 0.962785049174938230
181 636896 0.888606770600799180
182 981758 0.864930178341684730
183 748513 0.949322166883526330
184 337366 0.933955406358915160
185 652742 0.564382586731749130
186 466872 0.450119460053221680
187 859585 0.434298556964617330
188 929802 0.957216994210156820
189 392493 0.770756830907207370
190 129285 0.811872362537416790
191 818335 0.629298899013968520
192 49107 0.976574277176259890
193 604354 0.886243450961020970
194 654258 0.463557357978850120
195 93089 0.445835735716672730
196 687854 0.924278108498819310
197 32212 0.625258410266814280
198 756146 0.927688606978679940
199 622563 0.903631676802954750
200 815501 0.632259046236476660
201 385008 0.869473888900739620
202 966377 0.853487347095833850
203 630741 0.732745799547347860
204 97264 0.884384455573644980
205 32365 0.384777717066766720
206 407249 0.378656679883233480
207 479119 0.475225487987502360
208 142762 0.729664683402741710
209 889802 0.630057570562423510
210 423922 0.399404440762584520
211 276184 0.727071744424099830
212 909309 0.751923238073804570
213 568713 0.643002708938491540
214 635393 0.919153314793487500
215 32087 0.380999881920593250
216 384850 0.389505008640243070
217 963163 0.891831987672722980
218 965458 0.596877249736475600
219 29603 0.944295317667177890
220 982997 0.546466398852678340
221 388854 0.942279235086455500
222 114669 0.645826454413200860
223 393214 0.743697273169250050
224 572650 0.848325257384807570
225 521210 0.725435364989524100
226 15267 0.768418358628772610
227 943405 0.712625463253018900
228 114138 0.820285117262469670
229 385014 0.941972286582615110
230 375005 0.925727569335175080
231 143529 0.977504054044619260
232 763782 0.818062150042953800
233 180095 0.461852891410275130
234 105932 0.746160854451335290
235 953710 0.765814512084399210
236 244186 0.491442266008961740
237 357626 0.498337231422962550
238 458719 0.898188391369206580
239 894625 0.410760628649593060
240 308162 0.794773382544497140
241 6552 0.899805631746194210
242 343402 0.875262090831131600
243 884304 0.628895610590531010
244 669598 0.612457566199222090
245 965987 0.773084965911666530
246 704523 0.496854798278258130
247 537567 0.961571260884935160
248 129884 0.473506045698336760
249 535796 0.595529679867888630
250 192440 0.848163629864706730
251 653765 0.693507876151947420
252 834679 0.651933591322160220
253 292599 0.700314503396011530
254 568307 0.838604693649610770
255 950199 0.938332946213752960
256 866583 0.570238339539671620
257 982993 0.693353951111163490
258 660907 0.885322817365301940
259 819042 0.793939148897871430
260 949641 0.654106202540828740
261 309422 0.443813100369471970
262 686062 0.612336934131735730
263 88028 0.854598651344938730
264 264103 0.713972981447698160
265 49116 0.977148649827609850
266 250968 0.492159728844717480
267 261027 0.412735240965345700
268 372735 0.921137037024652110
269 731323 0.466934156943303650
270 619525 0.824210452319906860
271 464670 0.877818020727421660
272 11098 0.979047532176391510
273 764566 0.872428030563203390
274 915892 0.887723259792893680
275 605404 0.670046757918346780
276 980367 0.598638798948271540
277 979420 0.527441167819101550
278 48629 0.396940886427316510
279 621529 0.546900822723913940
280 899276 0.418979970031503500
281 687590 0.367784456437388940
282 768704 0.731290374169459630
283 703945 0.441514393439809030
284 396654 0.935797017937234350
285 867368 0.689628173335723790
286 425711 0.870361933435976900
287 343186 0.973247380970549640
288 553026 0.734922665403755280
289 413296 0.882339034538417110
290 926874 0.392903448327454110
291 97188 0.698220125146566280
292 257939 0.742594548830077690
293 670730 0.930989985153876100
294 193433 0.855642880334988140
295 597164 0.715125896561311650
296 719567 0.769276996756895760
297 670927 0.853550955173481900
298 982501 0.592018155321970660
299 899030 0.929837903552723550
300 439470 0.546773066273009260
301 632573 0.813845473222993830
302 299099 0.708890076232673080
303 834953 0.485343750495443980
304 146718 0.883471102370601000
305 125656 0.964650355951850560
306 572766 0.596166922237382440
307 815561 0.653390297125358230
308 735987 0.634856366039350580
309 310594 0.447010006970718410
310 763863 0.975799715434419900
311 925055 0.822044193804516880
312 276637 0.591993559427923640
313 327003 0.736906339343983090
314 209681 0.850081869861391890
315 332441 0.968048492461721870
316 305568 0.552458581650344560
317 474404 0.955080899783874780
318 711879 0.972385182256197080
319 765289 0.728808495185344190
320 932291 0.736225164017222040
321 471710 0.941664548478587490
322 97465 0.740793196573918180
323 109974 0.778764158476322300
324 915882 0.649523600289174000
325 256107 0.896288388100538790
326 490166 0.792843107483512940
327 720729 0.423546899032737290
328 310734 0.977090230639600650
329 248241 0.917376948953862900
330 896308 0.489873316285843570
331 114047 0.465043983545008640
332 628182 0.941438372183530210
333 701809 0.410899749087938080
334 15580 0.590689188600468600
335 742925 0.777786832104497170
336 231890 0.447419455475068950
337 160051 0.838770901262705150
338 605143 0.541703707156377060
339 310665 0.809244988772797380
340 392406 0.609074488014021310
341 736476 0.932121815958453560
342 867799 0.884284721832009460
343 196574 0.952541611182103230
344 728551 0.831536684561851260
345 318474 0.750089480082393290
346 62361 0.955801573622314770
347 79327 0.812940067225827790
348 589525 0.966059821987233170
349 603442 0.943032997113432910
350 441334 0.480105221610973910
351 732356 0.977651861030622400
352 565154 0.945722558403130240
353 236982 0.853153196043576200
354 687394 0.893633383961067400
355 883112 0.391949054091917050
356 30618 0.617199091225584030
357 724234 0.657401015645982410
358 988083 0.921860058019637770
359 163845 0.719527384735235030
360 572627 0.751500577377578800
361 97917 0.716851626607749590
362 605365 0.925079875401485290
363 588333 0.929983818774917200
364 914844 0.544036031629723580
365 11557 0.950514270077636670
366 440560 0.702055227468585950
367 533324 0.461338510554391960
368 268991 0.979786709950660860
369 365685 0.581366536519235310
370 423109 0.461609256667269210
371 64248 0.975666066333188640
372 97721 0.979798918276152510
373 596386 0.933014188951243880
374 404400 0.539033078574932430
375 931287 0.363125631353016680
376 244396 0.738698580709976960
377 229227 0.592559125447876370
378 160730 0.830382151215618310
379 965950 0.522193668451208510
380 96095 0.735625938924959200
381 260731 0.406694108169908310
382 832804 0.425536381866639950
383 29608 0.694738136487393240
384 37233 0.916206905048114310
385 900543 0.583995590188327700
386 64249 0.615228162100923240
387 450486 0.853757593575662500
388 605385 0.853328271259349180
389 198005 0.365257327411195600
390 440274 0.761519284214926430
391 931753 0.747662495482028340
392 710581 0.433116107894796100
393 323588 0.965306830906145770
394 900364 0.381733394894220310
395 376270 0.730665598385419670
396 649226 0.868234976624931880
397 753616 0.596779301313118290
398 179373 0.661942381064073770
399 491270 0.581664471139919930
400 851440 0.904388401693467900
401 223061 0.847694463386768790
402 568703 0.617583212468362230
403 259106 0.434545951720488150
404 360445 0.586396067826422400
405 206155 0.682679392119569070
406 581500 0.830178038662671370
407 520022 0.961613144809639550
408 126477 0.843524095732482660
409 555831 0.666027161209158840
410 180190 0.948358536485609420
411 851956 0.788508356817972160
412 900098 0.521803208648101260
413 670818 0.433143615189567010
414 996455 0.951269957841513690
415 776853 0.807358318509142410
416 957285 0.912037370774637980
417 171490 0.510406396706746920
418 675679 0.621368488450787740
419 507234 0.876028521044048380
420 786403 0.871366968933480870
421 109531 0.958974039764464270
422 589212 0.957806681429984600
423 10527 0.569360553072440050
424 569064 0.648803970613847540
425 671667 0.387114496115923360
426 415300 0.574742371181613530
427 768753 0.431106987466690680
428 93040 0.868809783211545010
429 772038 0.577536135118872250
430 13882 0.925519676782192160
431 634092 0.687171077261642950
432 155480 0.518127552714319650
433 130024 0.974323336372474370
434 519953 0.914288815025542710
435 857428 0.976357071270060550
436 352226 0.928484085858826910
437 650754 0.825228761446506030
438 768955 0.651887307197173140
439 914322 0.898376137089955560
440 703577 0.711189497943277460
441 519142 0.851092871193268490
442 980988 0.786684251640932810
443 438707 0.398620894195890970
444 834508 0.756392404809585920
445 406452 0.702772057581378170
446 174986 0.957578322927647660
447 562135 0.759974261926259160
448 947179 0.946572227225442990
449 78609 0.568733164962288650
450 250866 0.847840137850922940
451 670331 0.429040594279959440
452 648940 0.852340227714969760
453 305610 0.472215278177796790
454 210232 0.794291563619290870
455 96892 0.940715897417275130
456 482757 0.605340262341538370
457 845824 0.904388401693467900
458 244127 0.857689538159080220
459 277903 0.684950724222620710
460 572755 0.810015227947795680
461 785139 0.875070138779989290
462 621943 0.886186897251246110
463 867786 0.413485641798136570
464 964431 0.771631094613305260
465 95191 0.906705933871210230
466 7483 0.633771082821515730
467 523776 0.691901103166937980
468 884148 0.712625463253018900
469 931112 0.736803178987856630
470 32270 0.366052670645654390
471 227217 0.855326813700490570
472 229232 0.815297089744791870
473 114159 0.668028041283441840
474 387419 0.478632131656287100
475 354745 0.858410508136561390
476 277961 0.892479931332046730
477 143736 0.656871923993784250
478 923790 0.865557498173473720
479 980959 0.582731429295173740
480 941388 0.809513835204828560
481 834669 0.853280533009667890
482 425403 0.960474422923976110
483 24503 0.606796749927502430
484 752764 0.903003280527068240
485 622026 0.776576945470653150
486 39778 0.483180942927502910
487 883713 0.803505627107989670
488 188409 0.699595237987840070
489 309553 0.786684251640932810
490 59132 0.525780753647121960
491 14202 0.852308304517019780
492 302580 0.872368361279877940
493 228364 0.655559302512656040
494 32080 0.561279824940527530
495 671144 0.951175806876463750
496 408530 0.768633148118867070
497 104155 0.948764337608221760
498 621996 0.663085374618204940
499 647176 0.831248386766621830
500 146713 0.907297133337275460
501 555006 0.907091701490142510
502 80723 0.721410995011674610
503 42173 0.964028409989184820
504 211875 0.658458226986018520
505 327563 0.428516750735699450
506 319145 0.962197168292646790
507 850282 0.974910915561210790
508 208336 0.566849015694863460
509 245144 0.396632740467856740
510 358691 0.969366444726649120
511 228703 0.383086940913003050
512 396982 0.939738964147453840
513 842458 0.969178764456224750
514 774122 0.732101666178646580
515 158571 0.709169849125199760
516 62811 0.533365812144380720
517 611714 0.935333576443201360
518 26610 0.830620141766515660
519 651114 0.870632300638341070
520 327686 0.863978976460511920
521 307555 0.452298281386341430
522 31405 0.721601176375865960
523 196062 0.896437212632507860
524 145863 0.646711435168043640
525 485388 0.905828713943521270
526 96754 0.879333888617647390
527 737262 0.826931436742254890
528 356088 0.671246567602434730
529 901036 0.778131986097090670
530 60874 0.434216084764130760
531 835543 0.781056303904373310
532 59929 0.777786832104497170
533 162662 0.522766144857386480
534 14285 0.869549256276968000
535 15026 0.967495146021184360
536 96209 0.706993297057507800
537 778225 0.876822094167884480
538 883624 0.957322904108600210
539 189934 0.494920162537928640
540 16108 0.601007425600089570
541 18023 0.747520611533738280
542 94459 0.885833137399697490
543 621029 0.432455811860595400
544 680378 0.494893643601083570
545 341420 0.372773919019304680
546 178893 0.604659873234178470
547 794576 0.514991775145003720
548 192839 0.464098100425864080
549 810376 0.856841025351372520
550 276649 0.484729920886739720
551 869795 0.848890331392701310
552 898437 0.775094297071206690
553 935630 0.790007574608208030
554 32592 0.905362723802886400
555 318258 0.471111945044545510
556 175853 0.911008215676103910
557 679913 0.669933477786749170
558 714330 0.897758642644547520
559 162674 0.383650675963979950
560 376131 0.905712318892334940
561 7581 0.574992087877070570
562 196062 0.687348429291192440
563 970097 0.838654564135364660
564 933043 0.640545244219591360
565 96265 0.538750290231984060
566 546958 0.380040310766339760
567 421266 0.507516698930336020
568 456010 0.968452830457677160
569 18806 0.765323657251107850
570 15330 0.912923854913099020
571 194495 0.965035367377691580
572 977950 0.466340331663013530
573 539998 0.758663571443038200
574 474232 0.516456000108304060
575 813799 0.912275018726605990
576 245124 0.673821335107390840
577 128866 0.412012367889427360
578 433619 0.506043380948880240
579 813042 0.929309142965598740
580 392883 0.846900225230297620
581 379334 0.696229295668427620
582 589801 0.444824701631784340
583 130809 0.968300547683889850
584 303985 0.934467074261702060
585 114003 0.615252221053991350
586 306998 0.560269090383333390
587 309741 0.936654945880009190
588 422645 0.587335061396893510
589 801193 0.699289880672445690
590 972540 0.501535369928542750
591 323548 0.415762913734596400
592 269729 0.935969049939720520
593 702880 0.965123307527472220
594 963436 0.954618498423626780
595 146676 0.977025233976929090
596 785752 0.915459352814952830
597 535278 0.510590092240139290
598 114078 0.963849733205022650
599 621511 0.490910596901381780
600 977596 0.816232613684135020
601 235980 0.439130531184755310
602 15804 0.972435017316568010
603 867156 0.873574129241060040
604 388614 0.975444750668299720
605 518488 0.907630498676450630
606 259381 0.893084852774036040
607 928250 0.816954856061041460
608 472444 0.953309632019555430
609 156013 0.849728081301043160
610 378516 0.808706787208082200
611 715651 0.580348005164631030
612 455686 0.944846386283971110
613 474498 0.642043911815705750
614 242624 0.428516750735699450
615 776973 0.545034315815190460
616 867504 0.363608982929597200
617 589057 0.480854638975967420
618 884095 0.827737135979927710
619 343497 0.800735519412210110
620 65407 0.977600504535237390
621 413019 0.976810099391449250
622 79642 0.972149647845705570
623 851942 0.883785447865556020
624 637625 0.549096237993097590
625 208038 0.935290383706128160
626 77152 0.967956592566321610
627 31090 0.607621190083481370
628 195055 0.752526503276177210
629 307504 0.595309008590786280
630 391688 0.475252339905348760
631 343497 0.790232051335132300
632 33358 0.715125896561311650
633 612308 0.693969461346032430
634 888293 0.826931436742254890
635 524261 0.670635563043834760
636 687846 0.415984947432182780
637 622030 0.930610702929952180
638 78093 0.398145027448388590
639 226774 0.408811939730332810
640 112826 0.806113991418988100
641 847821 0.874226877296790940
642 113106 0.881461396817357130
643 78223 0.961083771371950780
644 732630 0.940601975253140820
645 846743 0.794884500475665830
646 258845 0.954618498423626780
647 91047 0.469495982157005610
648 128474 0.939519655944231150
649 794575 0.520917761720365860
650 48058 0.698656948780035700
651 946941 0.771165001639570250
652 308636 0.493832508424941530
653 310575 0.408171248571984000
654 59270 0.708610191758636600
655 684039 0.442034593522133310
656 523732 0.969769908192447020
657 488331 0.785439165737623730
658 653971 0.818325345893488040
659 258029 0.913929961422407570
660 342481 0.970207718452452350
661 229383 0.786307289693497390
662 113934 0.782331529898249390
663 693201 0.456240514276045560
664 737289 0.405215903756721900
665 171682 0.891569532119261150
666 11693 0.798352675784619660
667 897463 0.760172582551271290
668 539927 0.776115280921490740
669 458145 0.392257874926385970
670 452817 0.967340609545566110
671 294857 0.928279938714486660
672 603349 0.879464653252856940
673 609635 0.733140266833073870
674 514540 0.755173369478760680
675 29228 0.955504985780192160
676 974050 0.842276094672305240
677 175563 0.377865653284314650
678 932645 0.826484999767518440
679 701880 0.750855929499191890
680 506568 0.872755979205068870
681 157650 0.953842690979128100
682 96933 0.935279583344059140
683 876545 0.787380858505137170
684 469625 0.948319807487240210
685 716260 0.688300994226238580
686 155685 0.975806388347077450
687 147255 0.676792453373285860
688 614311 0.835482241429814420
689 425954 0.967216720885504370
690 825799 0.822998823265251090
691 180193 0.656296457302223970
692 670828 0.888088281181707240
693 998217 0.936173048085033770
694 966046 0.609389100225857350
695 980167 0.863379054736210790
696 634032 0.756152801567049890
697 523703 0.887582718113194340
698 622580 0.693727714162500560
699 859560 0.549733731185769400
700 178900 0.756631906605804930
701 161234 0.824296853382951780
702 269712 0.779357297867563030
703 157622 0.842193830409114220
704 736983 0.443019828055470130
705 718553 0.776884490399959550
706 777651 0.787004438867149210
707 695719 0.938448957139911610
708 622591 0.536846319405973490
709 998409 0.782939439209363930
710 464434 0.724636664776481920
711 679842 0.519484234059199190
712 769489 0.618303042835643190
713 896450 0.446545852093696790
714 253164 0.938911943111018110
715 337755 0.423298069692452090
716 665070 0.619645339015588270
717 947164 0.843163298641921300
718 753119 0.649221890845142810
719 882542 0.941428081358456900
720 179656 0.559105713569757910
721 553430 0.651563250330625010
722 564458 0.740588159130657340
723 171948 0.714997890736485900
724 581568 0.593787609206961610
725 932268 0.956863034101777640
726 634447 0.904179932921367110
727 950017 0.523104315618368120
728 690274 0.586989208231580740
729 372931 0.659789382695279090
730 212170 0.715232549765709490
731 704381 0.579651900532910710
732 571588 0.424016822812945230
733 964354 0.811979255563480940
734 341334 0.426005821397880740
735 61893 0.635869738521552260
736 207426 0.974047756669191860
737 75752 0.933780783075207730
738 965974 0.548662560023625900
739 819617 0.373057089679097730
740 848867 0.775209981987244560
741 589797 0.888606770600799180
742 257499 0.950314963006372970
743 505273 0.532151952304547930
744 259406 0.958852826880000620
745 761324 0.961134340988510920
746 90030 0.444988691668892490
747 671143 0.476701685492317840
748 651248 0.759140542572253940
749 940625 0.587705499378648470
750 146790 0.688013134411882610
751 785842 0.960372413908392450
752 962741 0.584069908566079650
753 324781 0.646385490755701180
754 68513 0.697192565986675340
755 32211 0.428709762497728300
756 851929 0.394306200490843140
757 144844 0.612988177840530720
758 194391 0.785269134288139600
759 522151 0.856289820248352210
760 781615 0.648664620355501990
761 980934 0.966107106755075940
762 28174 0.858018886406709090
763 72878 0.961889017109148090
764 88971 0.641365131196355630
765 732970 0.944656318010389410
766 507883 0.449138114319926510
767 589744 0.924696933237706520
768 29587 0.431519995421555560
769 629704 0.868779559357439000
770 196330 0.813987318861293500
771 163704 0.572016992473318050
772 78757 0.782312520706575860
773 132566 0.440281748778524830
774 711927 0.839119682946595780
775 635275 0.824555941404072730
776 52068 0.583425653372373950
777 709874 0.947571520553011640
778 16359 0.966051938043360980
779 684907 0.647618800475289080
780 538632 0.771980392695745140
781 474461 0.815756292701128260
782 797097 0.587705499378648470
783 927 0.390966148646414710
784 226644 0.860205528555796020
785 959682 0.948976278046892770
786 638406 0.651215914556162230
787 799858 0.962785049174938230
788 747022 0.732517311135221010
789 761442 0.695133146536894180
790 507902 0.701424697992163340
791 45043 0.562037327038112820
792 937783 0.514442302754772320
793 564654 0.502723017918006110
794 801732 0.933693387939147690
795 888692 0.500267502850290540
796 699737 0.621559764457703670
797 60888 0.545903984924553610
798 819203 0.645430260693573680
799 630075 0.475332893002946510
800 626167 0.819078890047265080
801 973168 0.873113292652182630
802 21378 0.721453262240907110
803 235725 0.972747249973796690
804 530625 0.483928914700536670
805 502713 0.966617281757518270
806 194513 0.810605395745926160
807 57296 0.807736316408480760
808 458611 0.763395212904306900
809 270271 0.918972899892657850
810 591343 0.756751619451507150
811 441503 0.955657894506948270
812 199132 0.681563576495801790
813 240966 0.910251560409693570
814 93133 0.609243906505649410
815 98157 0.906383880256749100
816 30857 0.949962853262766530
817 392717 0.605971656448927810
818 487137 0.962429548288783470
819 842831 0.559940421811205850
820 258950 0.956498745153633530
821 622017 0.752325484939190160
822 557021 0.697586268877700700
823 228073 0.455588621695909580
824 113867 0.866030913544007190
825 54782 0.373453470224008380
826 980916 0.696010195451203240
827 245239 0.729518585761346210
828 980962 0.979369455305863060
829 767227 0.527363380804604650
830 209208 0.889751816299714230
831 212726 0.680870973659565280
832 474522 0.515671781202189930
833 491225 0.933211719982177330
834 454483 0.608008935605436450
835 343406 0.563172696630607210
836 866718 0.548637044954575770
837 351301 0.739705712372850540
838 437163 0.943164918184916430
839 240554 0.671857116401021190
840 802087 0.621248922137022430
841 909323 0.943721402857037430
842 372381 0.795938791016847720
843 294331 0.844195475530244320
844 834074 0.440637931522155140
845 634231 0.933780783075207730
846 647134 0.387761598426332120
847 22256 0.912149979087421010
848 683268 0.920339220510941750
849 736689 0.522479936095234350
850 80821 0.782540582912029660
851 851860 0.918430499859818620
852 778158 0.900616284053369350
853 322645 0.842440564360876000
854 391628 0.902478136678679040
855 850393 0.822825426661565880
856 604632 0.573967909343996880
857 425430 0.943276427753113490
858 130039 0.782920453343187830
859 876492 0.957366995339455460
860 65418 0.689561869260394420
861 965922 0.564307004055162320
862 768389 0.730936409787454110
863 101840 0.912499875951426680
864 142621 0.968551620785824570
865 550856 0.712796722797771840
866 139990 0.659972828241571220
867 467745 0.851877030611739360
868 277203 0.823258774442453770
869 390415 0.859239093344171590
870 818404 0.933474656616016810
871 516057 0.655881884706931210
872 556449 0.911849537356020700
873 753549 0.828729055442551820
874 7819 0.856037515342240710
875 996664 0.964545725751817180
876 474067 0.819446387412438910
877 999299 0.834777196250613310
878 93468 0.593296381455649450
879 941970 0.931457126310575640
880 241145 0.910579819230416200
881 391356 0.803886981288182260
882 786018 0.568055213960417690
883 909205 0.416345699299345340
884 466326 0.634785624814257820
885 441761 0.915201264513282650
886 193712 0.962247023159153000
887 245170 0.462150619887803320
888 243190 0.885024637133043580
889 212398 0.699093512127631490
890 63460 0.465233096532905010
891 474077 0.565238859610675880
892 663325 0.713887503152060400
893 863698 0.831858634870316420
894 603215 0.951241721854529040
895 14756 0.840643614556523810
896 10661 0.776057543572024170
897 129370 0.472080764905129350
898 404908 0.815226397567829110
899 655184 0.731602532219985950
900 620330 0.457462152880478030
901 992462 0.698744282277630640
902 146894 0.414818994195464090
903 976319 0.970355414912068110
904 995206 0.776384635857769840
905 913022 0.953686759089185880
906 292687 0.416512178061328560
907 417470 0.917267591690196340
908 421158 0.928461416677998200
909 343396 0.927312126865473370
910 88453 0.978333150697701100
911 161356 0.905789923185724270
912 446476 0.847192206350992130
913 31105 0.906293610687657460
914 88439 0.938058318226694720
915 319420 0.396100383092457760
916 785118 0.954981361818199260
917 75587 0.888788673613008510
918 54151 0.817412200753968370
919 933314 0.490378744904196580
920 744872 0.714101178941364600
921 832803 0.867537595874466770
922 497621 0.905789923185724270
923 258019 0.880522847263487060
924 55951 0.372915508690774060
925 392054 0.731498496568235620
926 917473 0.849551043368306220
927 14942 0.638175190574001410
928 910908 0.967115891538422590
929 174549 0.963825334523085160
930 747949 0.849406122936821050
931 540559 0.727972089945506550
932 335832 0.773471981205162470
933 109983 0.685084125512784860
934 60323 0.635563485502841810
935 719559 0.897839285762791150
936 807342 0.813792268601195020
937 142499 0.966976030366836100
938 31646 0.889263758468031850
939 94334 0.918647667794248110
940 882646 0.863640709500567370
941 495717 0.973812372637629990
942 196613 0.713566864805551540
943 683988 0.780579636445360990
944 359703 0.875291609688662490
945 771969 0.735687954456342500
946 587044 0.952374245831727810
947 800783 0.650451295583831750
948 59813 0.904687697756239470
949 342899 0.427882431585619560
950 288565 0.844506154645542570
951 759182 0.608154302806192200
952 912141 0.504621281602927850
953 437485 0.431987961779882860
954 269742 0.922920975389561190
955 766370 0.556674250059673190
956 812258 0.392454374261312410
957 490978 0.879130345108559030
958 31677 0.794291563619290870
959 591285 0.659261757713438200
960 327077 0.903775411224638670
961 355554 0.538261694650254970
962 816973 0.960584787323438440
963 876552 0.399572305674096570
964 348134 0.809262917144888410
965 990152 0.499553855681308720
966 224210 0.836637549471877630
967 343349 0.657722912867871990
968 327652 0.756971027098126250
969 104203 0.627328299239728550
970 907914 0.654590838129955330
971 357967 0.475037512170751240
972 375609 0.373255288468789190
973 285880 0.739705712372850540
974 466120 0.979097219320220650
975 447459 0.498522433311726240
976 622343 0.881259540644438120
977 933191 0.856982605818863760
978 821709 0.829599115202772300
979 85980 0.511114808193330550
980 867758 0.482512812829402390
981 259077 0.618159118205862450
982 93189 0.526818747963444630
983 910338 0.555405969060782770
984 520117 0.520500886686144470
985 253407 0.639044132988916820
986 112607 0.611661131146497010
987 589290 0.580099444988372180
988 572114 0.650590366309066410
989 651263 0.520031753933752780
990 187395 0.846087825900731950
991 488431 0.616886884353041620
992 227468 0.972385182256197080
993 220886 0.832991700470237630
994 275044 0.769218497294714030
995 782530 0.572067056520183300
996 136556 0.979511057688445040
997 162546 0.451699373734362590
998 735559 0.529280835216616290
999 637863 0.762546902304331860
1000 615337 0.570639396721447260
