8
1 6 5 8
3 3 1 2 4
4 3 2 5 6
5 2 2 6                 
1 2 1
2 2 3
3 2 4
4 2 5
5 2 6
2 2 2 1
1 1 2
1 1 2
2 2 1
3 4 4 4
1 3 2 3 4
3 1 4
1 4 3
2 4 1
3 4 2
4 2 3
4 7 4 8
1 4 2 3 6 7
4 2 5 6
5 2 6 7
1 4 3
2 4 6
3 7 6
4 2 3
5 10 5 10
6 4 2 5 7 8
1 2 2 3
3 4 4 9 10 8
1 5 10
2 7 5
3 8 1
4 1 7
5 3 6
6 10 5 17
6 4 2 5 7 8
1 5 5 2 8 3 4
3 4 4 9 10 8
8 2 10 7
10 1 9
4 1 9
1 5 10
2 7 5
3 8 1
4 1 7
5 3 6
7 18 10 17
1 1 8
8 1 12
12 1 9
9 2 2 15
4 5 2 5 6 3 14
14 1 17
17 1 16
13 3 11 16 18
11 2 7 10
1 1 7
2 15 10
3 18 1
4 14 9
5 5 6
6 13 18
7 1 2
8 8 1
9 11 4
10 3 7
8 18 10 25
1 3 8 12 2
8 1 12
12 1 9
9 3 2 15 18
4 6 7 2 5 6 3 14
14 2 17 16
17 3 16 15 18
13 3 11 16 18
11 2 7 10
2 1 3
1 1 7
2 15 10
3 18 1
4 14 9
5 5 6
6 13 18
7 1 2
8 8 1
9 11 4
10 3 7

