30
4
8.167 1.492 2.782 4.253 12.702 2.228 2.015 6.094 6.966 0.153 0.772 4.025 2.406
6.749 7.507 1.929 0.095 5.987 6.327 9.056 2.758 0.978 2.360 0.150 1.974 0.075
5
8.167 1.492 2.782 4.253 12.702 2.228 2.015 6.094 6.966 0.153 0.772 4.025 2.406
6.749 7.507 1.929 0.095 5.987 6.327 9.056 2.758 0.978 2.360 0.150 1.974 0.075
6
8.167 1.492 2.782 4.253 12.702 2.228 2.015 6.094 6.966 0.153 0.772 4.025 2.406
6.749 7.507 1.929 0.095 5.987 6.327 9.056 2.758 0.978 2.360 0.150 1.974 0.075
7
8.167 1.492 2.782 4.253 12.702 2.228 2.015 6.094 6.966 0.153 0.772 4.025 2.406
6.749 7.507 1.929 0.095 5.987 6.327 9.056 2.758 0.978 2.360 0.150 1.974 0.075
8
8.167 1.492 2.782 4.253 12.702 2.228 2.015 6.094 6.966 0.153 0.772 4.025 2.406
6.749 7.507 1.929 0.095 5.987 6.327 9.056 2.758 0.978 2.360 0.150 1.974 0.075
9
8.167 1.492 2.782 4.253 12.702 2.228 2.015 6.094 6.966 0.153 0.772 4.025 2.406
6.749 7.507 1.929 0.095 5.987 6.327 9.056 2.758 0.978 2.360 0.150 1.974 0.075
10
8.167 1.492 2.782 4.253 12.702 2.228 2.015 6.094 6.966 0.153 0.772 4.025 2.406
6.749 7.507 1.929 0.095 5.987 6.327 9.056 2.758 0.978 2.360 0.150 1.974 0.075
11
8.167 1.492 2.782 4.253 12.702 2.228 2.015 6.094 6.966 0.153 0.772 4.025 2.406
6.749 7.507 1.929 0.095 5.987 6.327 9.056 2.758 0.978 2.360 0.150 1.974 0.075
12
8.167 1.492 2.782 4.253 12.702 2.228 2.015 6.094 6.966 0.153 0.772 4.025 2.406
6.749 7.507 1.929 0.095 5.987 6.327 9.056 2.758 0.978 2.360 0.150 1.974 0.075
13
8.167 1.492 2.782 4.253 12.702 2.228 2.015 6.094 6.966 0.153 0.772 4.025 2.406
6.749 7.507 1.929 0.095 5.987 6.327 9.056 2.758 0.978 2.360 0.150 1.974 0.075
14
8.167 1.492 2.782 4.253 12.702 2.228 2.015 6.094 6.966 0.153 0.772 4.025 2.406
6.749 7.507 1.929 0.095 5.987 6.327 9.056 2.758 0.978 2.360 0.150 1.974 0.075
15
8.167 1.492 2.782 4.253 12.702 2.228 2.015 6.094 6.966 0.153 0.772 4.025 2.406
6.749 7.507 1.929 0.095 5.987 6.327 9.056 2.758 0.978 2.360 0.150 1.974 0.075
18
8.167 1.492 2.782 4.253 12.702 2.228 2.015 6.094 6.966 0.153 0.772 4.025 2.406
6.749 7.507 1.929 0.095 5.987 6.327 9.056 2.758 0.978 2.360 0.150 1.974 0.075
21
8.167 1.492 2.782 4.253 12.702 2.228 2.015 6.094 6.966 0.153 0.772 4.025 2.406
6.749 7.507 1.929 0.095 5.987 6.327 9.056 2.758 0.978 2.360 0.150 1.974 0.075
24
8.167 1.492 2.782 4.253 12.702 2.228 2.015 6.094 6.966 0.153 0.772 4.025 2.406
6.749 7.507 1.929 0.095 5.987 6.327 9.056 2.758 0.978 2.360 0.150 1.974 0.075
4
1.0 9.0 12.0 1.0 1.0 1.0 1.0 1.0 1.0 1.0 1.0 1.0 1.0
7.0 10.0 8.0 11.0 15.0 11.0 1.0 1.0 1.0 1.0 1.0 1.0 1.0
5
1.0 9.0 12.0 1.0 1.0 1.0 1.0 1.0 1.0 1.0 1.0 1.0 1.0
7.0 10.0 8.0 11.0 15.0 11.0 1.0 1.0 1.0 1.0 1.0 1.0 1.0
6
1.0 9.0 12.0 1.0 1.0 1.0 1.0 1.0 1.0 1.0 1.0 1.0 1.0
7.0 10.0 8.0 11.0 15.0 11.0 1.0 1.0 1.0 1.0 1.0 1.0 1.0
7
1.0 9.0 12.0 1.0 1.0 1.0 1.0 1.0 1.0 1.0 1.0 1.0 1.0
7.0 10.0 8.0 11.0 15.0 11.0 1.0 1.0 1.0 1.0 1.0 1.0 1.0
8
1.0 9.0 12.0 1.0 1.0 1.0 1.0 1.0 1.0 1.0 1.0 1.0 1.0
7.0 10.0 8.0 11.0 15.0 11.0 1.0 1.0 1.0 1.0 1.0 1.0 1.0
9
1.0 9.0 12.0 1.0 1.0 1.0 1.0 1.0 1.0 1.0 1.0 1.0 1.0
7.0 10.0 8.0 11.0 15.0 11.0 1.0 1.0 1.0 1.0 1.0 1.0 1.0
10
1.0 9.0 12.0 1.0 1.0 1.0 1.0 1.0 1.0 1.0 1.0 1.0 1.0
7.0 10.0 8.0 11.0 15.0 11.0 1.0 1.0 1.0 1.0 1.0 1.0 1.0
11
1.0 9.0 12.0 1.0 1.0 1.0 1.0 1.0 1.0 1.0 1.0 1.0 1.0
7.0 10.0 8.0 11.0 15.0 11.0 1.0 1.0 1.0 1.0 1.0 1.0 1.0
12
1.0 9.0 12.0 1.0 1.0 1.0 1.0 1.0 1.0 1.0 1.0 1.0 1.0
7.0 10.0 8.0 11.0 15.0 11.0 1.0 1.0 1.0 1.0 1.0 1.0 1.0
13
1.0 9.0 12.0 1.0 1.0 1.0 1.0 1.0 1.0 1.0 1.0 1.0 1.0
7.0 10.0 8.0 11.0 15.0 11.0 1.0 1.0 1.0 1.0 1.0 1.0 1.0
14
1.0 9.0 12.0 1.0 1.0 1.0 1.0 1.0 1.0 1.0 1.0 1.0 1.0
7.0 10.0 8.0 11.0 15.0 11.0 1.0 1.0 1.0 1.0 1.0 1.0 1.0
15
1.0 9.0 12.0 1.0 1.0 1.0 1.0 1.0 1.0 1.0 1.0 1.0 1.0
7.0 10.0 8.0 11.0 15.0 11.0 1.0 1.0 1.0 1.0 1.0 1.0 1.0
18
1.0 9.0 12.0 1.0 1.0 1.0 1.0 1.0 1.0 1.0 1.0 1.0 1.0
7.0 10.0 8.0 11.0 15.0 11.0 1.0 1.0 1.0 1.0 1.0 1.0 1.0
21
1.0 9.0 12.0 1.0 1.0 1.0 1.0 1.0 1.0 1.0 1.0 1.0 1.0
7.0 10.0 8.0 11.0 15.0 11.0 1.0 1.0 1.0 1.0 1.0 1.0 1.0
24
1.0 9.0 12.0 1.0 1.0 1.0 1.0 1.0 1.0 1.0 1.0 1.0 1.0
7.0 10.0 8.0 11.0 15.0 11.0 1.0 1.0 1.0 1.0 1.0 1.0 1.0
