8
5
0,0,0 0,0,1 0,0,2 0,0,3 0,0,4
8
0,0,0 0,0,1 0,1,0 0,1,1 1,0,0 1,0,1 1,1,0 1,1,1
4
0,0,0 0,0,1 1,1,0 1,1,1
8
0,0,0 0,0,1 0,0,2 0,1,2 0,2,2 0,2,1 0,2,0 0,1,0
9
0,0,0 0,0,1 0,0,2 0,1,2 0,2,2 0,2,1 0,2,0 0,1,0
0,0,0
20
0,0,0 0,0,1 0,0,2 0,1,2 0,2,2 0,2,1 0,2,0 0,1,0
1,0,0 2,0,0 1,0,2 2,0,2 1,2,2 2,2,2 1,2,0 2,2,0
2,1,0 2,1,2 2,0,1 2,2,1
26
0,0,0 0,0,1 0,0,2 0,1,2 0,2,2 0,2,1 0,2,0 0,1,0
1,0,0 2,0,0 1,0,2 2,0,2 1,2,2 2,2,2 1,2,0 2,2,0
2,1,0 2,1,2 2,0,1 2,2,1 1,1,0 1,1,2 0,1,1 2,1,1
1,0,1 1,2,1
27
0,0,0 0,0,1 0,0,2 0,1,2 0,2,2 0,2,1 0,2,0 0,1,0
1,0,0 2,0,0 1,0,2 2,0,2 1,2,2 2,2,2 1,2,0 2,2,0
2,1,0 2,1,2 2,0,1 2,2,1 1,1,0 1,1,2 0,1,1 2,1,1
1,0,1 1,2,1 1,1,1
