38
1001101 10010
1001001 11001
1000111 1010110
0 0
0 1
1 0
1 1
0000000 00000000
0000001 00000000
01 01
01 10
01 11
10 01
10 10
10 11
11 01
11 10
11 11
111111111111111110 1
101111111111111111 1
111111111111111111 1
11111111111111111111111111111111 11111111111111111111111111111111
11111111111111111111111111111111 1
0 11111111111111111111111111111111
1 11111111111111111111111111111110
1000101110001111000 1011111000110000001
10101010101010101010 10101010101010
11001100110011001100 10101010101010101
1 111111111111111111111111111111111111111111111110
1 110111111111111111111111111111111111111111111111
1 111111111111111111111111111111111111111111111111
11111111111111111111111111111111111111111111111111111111111111111111111111111111 1
01111111111111111111111111111111111111111111111111111111111111111111111111111111 1
1 11111111111111111111111111111111111111111111111111111111111111111111111111111110
11111111111111111111111111111111111111111111111111111111111111111111111111111111 11111111111111111111111111111111111111111111111111111111111111111111111111111111
11111111111111111111111111111111111111111111111111111111111111111111111111111111 00000000000000000000000000000000000000000000000000000000000000000000000000000000
00000000000000000000000000000000000000000000000000000000000000000000000000000000 11111111111111111111111111111111111111111111111111111111111111111111111111111111
11111111111111111111000000000000000000001111111111111111111100000000000000000000 00000000000000000000111111111111111111110000000000000000000011111111111111111111
1 0

