100
4 1.0 4.4 7.8 11.2
1 1.0
6 1.0 3.0 5.0 7.0 9.0 11.0
10 1.0 3.0 5.0 7.0 9.0 11.0 13.0 15.0 17.0 20.4
5 1.0 4.4 7.8 11.2 14.6
8 1.0000 4.1835 7.1523 10.5218 13.9053 17.0405 20.3140 22.3698
9 1.0000 4.0594 6.3279 8.9180 12.1736 14.4118 16.6549 19.2556 21.4758
4 1.0000 3.6519 6.1512 8.8688
7 1.0000 4.3515 7.2982 10.0724 12.7741 15.6148 18.9209
3 1.0000 4.3730 6.4228
6 1.0000 3.1382 6.0679 8.5883 11.7922 14.6275
6 1.0000 3.5212 6.2752 9.1139 12.2554 14.5999
9 1.0000 3.1028 6.2063 8.9295 12.1713 14.2954 16.4424 18.4591 21.1083
9 1.0000 3.3265 6.0326 9.1339 11.5606 13.8406 15.8854 19.1215 21.2473
5 1.0000 3.6059 6.5422 9.6416 13.0288
9 1.0000 4.0352 6.8376 9.3370 12.2489 15.4141 18.2414 20.8347 22.9175
10 1.0000 3.5975 6.7939 9.6043 12.9956 15.9105 18.5516 21.5335 24.2044 27.1665
9 1.0000 3.2017 6.5515 9.5984 11.8049 14.8558 18.0761 20.3630 22.5777
8 1.0000 3.6281 5.7539 8.9414 11.1205 13.5699 15.6463 17.9076
7 1.0000 4.3622 7.1453 9.9152 13.2830 15.3613 18.1597
9 1.0000 3.5348 6.8428 9.6092 12.0759 14.4873 17.0099 19.0179 22.0478
4 1.0000 4.0870 6.6878 10.0209
9 1.0000 4.2276 7.3747 10.5969 13.5016 15.9093 18.8349 21.5913 24.6058
6 1.0000 3.8180 6.2209 8.5646 10.6262 13.3325
8 1.0000 3.7024 6.6766 9.4100 12.4623 15.3082 18.6024 21.1236
6 1.0000 3.9881 6.8940 9.8341 12.1567 15.0317
9 1.0000 4.1230 6.8289 10.0922 12.6628 15.5812 18.3224 21.4682 24.0678
8 1.0000 3.9131 6.4835 8.5733 10.7297 12.8164 16.2090 18.4327
9 1.0000 3.8878 6.2963 8.3873 11.3861 14.4288 17.2403 19.5366 22.4271
2 1.0000 3.0134
6 1.0000 4.1718 6.1957 8.9747 11.9995 14.3166
3 1.0000 3.9129 6.6188
3 1.0000 4.3792 6.4241
2 1.0000 4.0217
9 1.0000 4.1578 6.5647 9.9542 12.9229 15.5226 18.1752 21.3752 24.6834
10 1.0000 4.3571 7.7169 10.4331 12.8513 14.9555 18.0099 21.3355 23.9432 27.3360
5 1.0000 3.9365 7.0135 9.2469 12.6021
5 1.0000 3.4520 6.4853 9.7718 13.0095
6 1.0000 3.9365 6.0144 9.2504 12.3566 14.8454
6 1.0000 3.1985 6.4645 8.6605 11.7754 14.3874
2 1.0000 4.0444
7 1.0000 3.8209 6.3923 9.5442 11.6056 13.8446 16.3545
3 1.0000 3.4324 6.1894
8 1.0000 4.1470 6.4253 9.4907 12.8400 15.1369 18.2880 21.1996
6 1.0000 3.5489 5.9768 8.7860 11.1502 13.9904
3 1.0000 3.2197 5.8305
9 1.0000 4.0862 6.8093 9.0650 11.4338 13.5070 15.9057 18.2012 21.3176
5 1.0000 4.3334 6.8113 9.0317 12.3641
6 1.0000 3.6137 6.1925 9.5887 12.7446 15.8368
10 1.0000 4.2626 6.9523 9.4966 12.4052 15.3283 18.5134 21.0121 24.3221 26.8907
3 1.0000 3.9724 6.6090
6 1.0000 4.1592 7.2005 10.4902 13.2901 16.2755
7 1.0000 3.5194 6.8641 9.0643 11.1522 13.7708 16.8448
3 1.0000 3.3289 6.3151
3 1.0000 3.4280 5.6148
5 1.0000 4.2767 6.8316 9.5548 12.7134
8 1.0000 3.9514 6.4472 9.5373 12.0731 15.1522 17.1600 20.0079
7 1.0000 3.4319 5.7205 8.6310 11.4013 14.4117 16.9578
8 1.0000 4.0620 7.2860 9.8217 12.1990 15.5137 18.5521 21.9430
2 1.0000 3.1987
9 1.0000 3.7581 5.8583 7.8764 10.0595 13.2374 15.7232 19.0244 21.5145
5 1.0000 3.1170 5.9360 9.0090 11.5017
10 1.0000 4.1222 6.3686 8.6009 11.8790 15.0725 18.4695 21.3843 24.7284 26.8337
3 1.0000 3.4347 6.6394
3 1.0000 3.9319 6.6668
7 1.0000 3.2466 5.3906 8.3405 10.5630 13.6432 15.9878
7 1.0000 3.9209 6.9525 9.5289 12.8436 15.3139 18.4425
8 1.0000 3.5216 6.0887 8.5357 11.8372 14.3625 17.3458 20.3930
10 1.0000 3.5384 6.7653 9.8324 13.0841 15.1022 18.4545 20.6208 23.0434 25.4579
10 1.0000 3.2156 5.8016 8.3261 11.6829 13.9075 16.0107 18.2029 20.5410 23.1435
6 1.0000 4.2021 6.9756 9.3197 12.0015 14.5093
3 1.0000 3.8361 6.3261
3 1.0000 3.7607 7.0386
6 1.0000 3.2349 5.5055 8.3141 11.5081 14.6454
6 1.0000 3.7357 6.7056 9.3082 11.3531 14.3122
3 1.0000 3.8632 6.9726
6 1.0000 4.0164 6.4041 9.2597 12.2694 14.7330
2 1.0000 3.3943
9 1.0000 3.4150 5.7980 8.6086 11.5857 14.2843 16.7495 19.4380 22.0387
4 1.0000 3.3409 5.9559 8.2158
5 1.0000 3.2624 5.7964 7.9176 10.8441
7 1.0000 3.3185 5.7179 9.1035 11.8695 14.4999 17.5536
7 1.0000 4.3305 6.7659 9.0833 12.0675 14.7047 17.5481
10 1.0000 4.0691 7.0675 9.5088 12.3357 15.3430 17.8551 20.0438 23.1432 25.4463
4 1.0000 3.2440 5.4637 8.7990
6 1.0000 4.1902 6.2141 9.3531 12.1411 14.5705
9 1.0000 4.3038 6.9553 9.3690 12.6750 15.8808 18.4163 21.6993 24.3580
5 1.0000 3.5629 5.7387 9.0872 12.3249
8 1.0000 3.5856 5.7964 8.6864 10.9944 13.8216 17.0486 19.0748
5 1.0000 4.3850 7.7407 10.3760 12.8817
8 1.0000 4.3137 7.0615 9.1858 11.5267 13.9298 16.2604 19.4175
8 1.0000 3.9767 6.6425 9.2787 11.3264 14.5622 17.4943 20.2717
4 1.0000 3.5544 6.1623 9.4077
3 1.0000 3.2226 5.4373
5 1.0000 3.7133 5.7180 8.3369 11.0008
3 1.0000 3.0040 5.4159
7 1.0000 3.9669 7.1959 10.5831 12.6300 14.6905 17.0449
8 1.0000 3.3392 6.2010 8.2725 10.5207 13.5057 15.9283 19.0476
8 1.0000 3.6164 6.8451 9.0386 12.3995 14.5718 17.5716 19.9971
4 1.0000 3.9534 6.0539 9.2767
