12
1
10100110110100111010000100110110001001000010101010
100011010110001101110110100011000101011000101
2
1010001101010001100010????????????1101011000101010
101000010010001101100100001011100101101100101
3
1010001101010001100010????????????1101011000101010
101000010010001??????????01011100101101100101
4
10100011010100011001100100100110101111011011100010
110011011100101000100111001010011101010000101
5
10100011010011001010111100011010001101000110101010
110011010011101110110100001011011001000100101
6
10100?110101?001101?001100?1101000?10100?110101010
11?00101000?10100?10010?1110100?11011??010101
7
10100011010111011001100101000110010011000101101010
11?0?1011?01?011?01?010?1??010000101101100101
8
10100011010100011011110100011010001101000110101010
110110010010001001110100111010011101001000101
9
101000110101000110111101000110100??????????0101010
110110010010001001110100111010011101001000101
10
1010001101011110101???????????10001101000110101010
101110011100101101100110011011001101000010101
11
10100011010111101010001100011010001101000110101010
1110010100?????????00100111011011001001110101
12
101000110101110110????????????????0011000110101010
101110011001101010000111001011100101010000101
