12
2.000 2.000 2.000 1.000 1.000 2.000 0.000 1.000 0.000 8.000
2.000 2.000 2.000 1.000 1.000 2.000 0.000 1.000 0.000 0.000
2.000 2.000 2.000 1.000 1.000 2.000 1.000 0.000 0.000 5.000
3.000 4.000 5.000 3.000 4.000 5.000 -1.000 -1.000 0.000 10.000
6.000 8.000 10.000 3.000 4.000 0.000 3.000 -4.000 0.000 10.000
6.000 8.000 10.000 3.000 4.000 0.000 1.500 -7.000 0.000 10.000
3.141 1.717 0.777 3.141 0.558 0.606 0.000 1.234 4.321 0.012
1.000 1.000 1.000 1.000 1.000 0.500 -1.000 0.000 0.100 0.500
1.000 1.000 1.000 1.000 1.000 0.500 0.000 -1.000 0.100 0.500
1.000 1.000 1.000 1.000 1.000 0.500 0.000 0.000 0.100 0.500
10.000 1.000 3.000 9.000 1.000 2.000 1.000 0.000 1.000 0.500
10.000 1.000 3.000 9.000 1.000 2.000 1.000 0.000 1.000 1.500
